n = 4
d = 6           (2n-2)
dp = [0, 3, 6]
dm = [-3, 0, 3]

n = 5
d = 8
dp = [1, 2, 5, 8]
dm = [-4, -3, 3, 4]

n = 6
d = 10
dp = [0, 1, 5, 9, 10]
dm = [-5, -3, 0, 3, 5]

n = 7
d = 12
dp = [0, 2, 3, 9, 10, 12]
dm = [-6, -5, -2, 2, 5, 6]

n = 8
d = 14
dp = [0, 1, 2, 9, 10, 13, 14]
dm = [-7, -6, -3, 1, 2, 6, 7]

n = 9
d = 16
dp = [0, 2, 3, 4, 10, 14, 15, 16]
dm = [-8, -7, -6, 0, 2, 4, 7, 8]

n = 10
d = 18
dp = [0, 1, 3, 6, 8, 12, 16, 17, 18]
dm = [-9, -8, -7, -4, 0, 5, 6, 8, 9]

n = 11
d = 20
dp = [0, 1, 3, 6, 9, 12, 14, 16, 19, 20]
dm = [-10, -9, -8, -7, -4, 5, 6, 8, 9, 10]

n = 12
d = 22
dp = [0, 1, 2, 7, 9, 10, 12, 18, 19, 21, 22]
dm = [-11, -10, -8, -7, -6, -3, 7, 8, 9, 10, 11]

n = 13
d = 24
dp = [0, 2, 4, 5, 7, 9, 14, 16, 19, 21, 23, 24]
dm = [-12, -11, -10, -9, -7, -6, 5, 8, 9, 10, 11, 12]

n = 14
d = 26
dp = [0, 1, 2, 3, 5, 6, 15, 17, 22, 23, 24, 25, 26]
dm = [-13, -12, -10, -9, -6, -3, -1, 5, 6, 7, 11, 12, 13]

n = 15
d = 28
dp = [0, 1, 3, 4, 5, 8, 12, 14, 19, 24, 25, 26, 27, 28]
dm = [-14, -13, -12, -9, -8, -7, -4, 2, 5, 10, 11, 12, 13, 14]

n = 20
d = 38
dp = [0, 1, 2, 3, 4, 5, 6, 15, 18, 23, 25, 26, 28, 29, 31, 34, 36, 37, 38]
dm = [-19, -18, -16, -15, -14, -13, -12, -9, -6, -4, 3, 11, 13, 14, 15, 16, 17, 18, 19]

n = 30
d = 58
dp = [0, 1, 2, 3, 4, 5, 6, 7, 8, 12, 14, 19, 22, 23, 27, 33, 42, 43, 44, 45, 47, 50, 51, 53, 54, 55, 56, 57, 58]
dm = [-29, -28, -27, -26, -25, -24, -22, -20, -19, -17, -15, -13, -11, -7, 3, 4, 14, 15, 16, 18, 19, 20, 21, 22, 23, 24, 27, 28, 29]

n = 40
d = 78
dp = [0, 1, 2, 3, 4, 6, 7, 8, 9, 10, 14, 15, 16, 18, 20, 22, 26, 28, 30, 32, 45, 53, 54, 55, 59, 60, 63, 65, 66, 67, 69, 70, 71, 73, 74, 75, 76, 77, 78]
dm = [-39, -38, -37, -35, -34, -33, -30, -29, -28, -27, -26, -24, -23, -22, -20, -16, -15, -14, -11, -8, -4, 2, 13, 21, 22, 26, 27, 28, 29, 30, 31, 32, 33, 34, 35, 36, 37, 38, 39]

n = 50
d = 98
dp = [0, 1, 2, 3, 4, 5, 6, 7, 9, 10, 11, 13, 14, 15, 17, 18, 20, 22, 23, 24, 26, 35, 40, 45, 53, 55, 58, 59, 67, 72, 73, 74, 77, 81, 82, 84, 86, 87, 88, 89, 90, 91, 92, 93, 94, 95, 96, 97, 98]
dm = [-49, -48, -47, -46, -45, -44, -43, -42, -41, -40, -39, -38, -37, -35, -33, -27, -26, -25, -22, -20, -9, -8, -5, -3, -2, 0, 1, 11, 18, 22, 25, 27, 30, 31, 32, 34, 35, 36, 37, 38, 39, 40, 42, 43, 44, 45, 47, 48, 49]

n = 60
d = 118
dp = [0, 1, 2, 3, 4, 5, 6, 7, 8, 9, 13, 15, 17, 18, 19, 20, 21, 22, 25, 27, 30, 31, 32, 33, 35, 36, 39, 41, 42, 43, 60, 72, 80, 81, 84, 85, 88, 93, 94, 95, 98, 99, 100, 101, 102, 103, 104, 105, 106, 108, 109, 110, 111, 112, 113, 114, 115, 117, 118]
dm = [-59, -58, -57, -56, -55, -54, -53, -52, -51, -50, -49, -48, -47, -45, -44, -42, -41, -39, -38, -37, -35, -33, -28, -25, -23, -21, -7, -2, 1, 4, 6, 7, 10, 11, 23, 25, 26, 31, 35, 36, 38, 40, 41, 42, 43, 44, 46, 47, 48, 50, 51, 52, 53, 54, 55, 56, 57, 58, 59]

n = 70
d = 138
dp = [0, 1, 2, 3, 4, 5, 6, 7, 8, 9, 10, 11, 13, 14, 15, 16, 17, 18, 21, 24, 25, 28, 30, 33, 37, 38, 40, 41, 45, 47, 53, 57, 60, 63, 65, 78, 86, 87, 90, 92, 94, 95, 97, 99, 103, 104, 106, 108, 110, 114, 116, 117, 119, 120, 122, 124, 125, 126, 128, 129, 130, 131, 132, 133, 134, 135, 136, 137, 138]
dm = [-69, -68, -67, -66, -65, -64, -63, -62, -61, -60, -59, -58, -57, -56, -55, -54, -53, -52, -51, -48, -44, -43, -42, -41, -40, -38, -36, -35, -28, -27, -20, -17, -13, -10, -2, 11, 22, 25, 26, 34, 35, 36, 37, 38, 39, 40, 41, 43, 45, 46, 47, 48, 49, 50, 53, 54, 55, 56, 57, 59, 60, 61, 62, 63, 64, 65, 66, 68, 69]

n = 80
d = 158
dp = [0, 1, 2, 3, 4, 6, 7, 9, 10, 11, 12, 13, 14, 15, 16, 17, 18, 19, 20, 23, 24, 25, 28, 30, 31, 34, 35, 37, 38, 40, 44, 46, 48, 50, 52, 54, 62, 69, 86, 87, 89, 90, 91, 97, 103, 104, 107, 110, 111, 112, 117, 119, 122, 124, 125, 128, 129, 133, 134, 135, 139, 140, 141, 142, 143, 144, 145, 146, 147, 148, 150, 151, 152, 153, 154, 155, 156, 157, 158]
dm = [-79, -78, -77, -76, -75, -74, -73, -71, -69, -68, -67, -66, -65, -64, -63, -62, -61, -60, -59, -58, -57, -56, -53, -52, -51, -50, -49, -48, -46, -44, -42, -40, -39, -35, -26, -23, -22, -17, -16, 2, 8, 21, 22, 23, 24, 33, 38, 39, 41, 42, 46, 49, 50, 51, 53, 54, 55, 56, 57, 58, 59, 60, 62, 63, 64, 65, 66, 67, 68, 69, 70, 71, 72, 73, 74, 75, 76, 77, 78]

n = 90
d = 178
dp = [0, 1, 2, 3, 4, 5, 6, 7, 8, 9, 10, 11, 12, 13, 14, 15, 16, 17, 18, 19, 20, 21, 22, 23, 24, 25, 27, 29, 31, 35, 37, 39, 40, 42, 43, 44, 48, 57, 72, 77, 78, 79, 81, 94, 96, 100, 103, 106, 109, 119, 123, 126, 127, 128, 132, 133, 134, 135, 139, 141, 142, 145, 146, 147, 148, 150, 153, 154, 155, 156, 158, 159, 160, 161, 162, 164, 165, 166, 167, 168, 170, 171, 172, 173, 174, 175, 176, 177, 178]
dm = [-89, -88, -87, -86, -85, -84, -83, -82, -81, -80, -79, -78, -77, -76, -75, -74, -73, -72, -71, -70, -69, -68, -65, -63, -62, -61, -60, -59, -51, -49, -48, -45, -42, -32, -28, -26, -25, -23, -19, -18, -17, -15, -12, -4, -3, 1, 8, 10, 12, 16, 17, 19, 25, 36, 39, 44, 47, 48, 49, 51, 58, 59, 60, 61, 62, 63, 64, 66, 67, 69, 70, 71, 72, 73, 74, 75, 76, 77, 78, 79, 80, 81, 82, 83, 84, 85, 86, 88, 89]

n = 100
d = 198
dp = [0, 1, 2, 3, 4, 5, 6, 7, 8, 9, 10, 11, 12, 13, 14, 15, 16, 17, 18, 19, 20, 22, 23, 24, 25, 26, 28, 29, 30, 33, 35, 36, 40, 41, 43, 45, 46, 47, 48, 55, 58, 60, 61, 74, 77, 82, 84, 86, 102, 106, 109, 120, 121, 125, 128, 129, 131, 132, 134, 140, 147, 148, 151, 152, 153, 154, 156, 163, 164, 165, 167, 168, 169, 170, 171, 172, 173, 174, 175, 176, 179, 180, 181, 183, 184, 185, 186, 187, 188, 189, 190, 191, 192, 193, 194, 195, 196, 197, 198]
dm = [-99, -98, -97, -96, -94, -93, -92, -91, -90, -89, -88, -86, -84, -83, -82, -81, -80, -79, -78, -76, -75, -74, -73, -72, -70, -69, -67, -65, -64, -63, -61, -59, -58, -55, -50, -48, -44, -42, -39, -38, -36, -34, -33, -26, -25, -22, -20, -19, -17, -13, -6, -3, 0, 1, 7, 28, 36, 37, 41, 44, 45, 52, 54, 56, 58, 60, 61, 63, 64, 65, 67, 68, 69, 71, 72, 73, 74, 75, 76, 77, 79, 80, 82, 83, 84, 85, 87, 88, 89, 90, 91, 92, 93, 94, 95, 96, 97, 98, 99]