n = 10
d = 15
    dp = [18,17,3,5,1,0,15]
    dm = [9,-1,3,5,0,8,-9,-8]


n = 11
d = 17
    # dp = [19,6,3,22,18,8,17,4]
    dp = [17,4,1,20,16,6,15,2]
    dm = [10,-8,-4,-10,5,6,4,9,-5]


n = 12
d = 18
    # dp = [12,5,3,19,6,22,18,23]
    dp = [10,3,1,17,4,20,16,21]
    dm = [9,-6,-7,7,2,10,-10,-11,-9,11]


n = 13
d = 20
    # dp = [6,25,23,2,21,4,8,13,20,17]
    dp = [4,23,21,0,19,2,6,11,18,15]
    dm = [10,12,-5,11,-12,7,-11,1,-10,-8]


n = 14
d = 21
    # dp = [13,2,11,6,21,27,5,20,8,28,3]
    dp = [11,0,9,4,19,25,3,18,6,26,1]
    dm = [-11,0,-3,10,9,-13,11,-7,-10,1]


n = 15
d = 23
    # dp = [23,8,10,9,29,4,7,20,3,24,27,30,28]
    dp = [21,6,8,7,27,2,5,18,1,22,25,28,26]
    dm = [-12,-2,-13,-14,8,-5,2,-10,14,12]


n = 16
d = 23
    # dp = [3,24,32,13,25,8,30,4,7,26,6]
    dp = [1,22,30,11,23,6,28,2,5,24,4]
    dm = [-9,14,15,-12,3,2,12,-11,5,-15,4,-13]


n = 17
d = 25
    dp_n=14,dm_n=11 # dp = [3,13,15,32,31,19,34,8,33,7,2,4,6,26]
    dp = [1,11,13,30,29,17,32,6,31,5,0,2,4,24]
    dm = [16,-13,-16,14,-12,11,-11,2,5,15,9]


n = 18
d = 26
    dp_n=12,dm_n=14 # dp = [30,3,35,23,27,15,12,6,29,2,36,5]
    dp = [28,1,33,21,25,13,10,4,27,0,34,3]
    dm = [8,10,13,16,17,-14,-4,15,5,-10,6,-15,-12,11]


n = 19
d = 25
    dp_n=13,dm_n=12 # dp = [20,2,3,38,19,29,12,11,4,7,8,28,6]
    dp = [18,0,1,36,17,27,10,9,2,5,6,26,4]
    dm = [-17,18,-15,-10,2,14,-16,8,15,-18,-12,13]


n = 20
d = 26
    dp_n=12,dm_n=14 # dp = [29,6,33,8,20,34,2,39,11,4,7,18]
    dp = [27,4,31,6,18,32,0,37,9,2,5,16]
    dm = [12,-9,19,16,-11,9,-18,-12,-17,-19,18,-15,-5,14]


n = 21
d = 28
    dp_n=16,dm_n=12 # dp = [39,35,8,40,42,6,3,29,2,23,41,4,13,14,38,33]
    dp = [37,33,6,38,40,4,1,27,0,21,39,2,11,12,36,31]
    dm = [-19,-4,-3,-16,18,7,14,-20,-15,-13,-7,-8]


n = 22
d = 29
    dp_n=14,dm_n=15 # dp = [4,43,6,31,38,9,5,15,42,37,35,14,8,27]
    dp = [2,41,4,29,36,7,3,13,40,35,33,12,6,25]
    dm = [-12,-15,13,16,-16,21,6,18,-11,-2,0,-20,17,-19,3]


n = 23
d = 30
    dp_n=14,dm_n=16 # dp = [41,44,26,14,3,42,22,13,9,29,12,46,40,2]
    dp = [39,42,24,12,1,40,20,11,7,27,10,44,38,0]
    dm = [22,16,19,1,-20,-4,14,13,-22,-15,-11,-1,5,-17,-18,18]


n = 24
d = 33
    dp_n=16,dm_n=17 # dp = [2,47,9,42,37,4,32,20,46,39,16,43,44,14,48,7]
    dp = [0,45,7,40,35,2,30,18,44,37,14,41,42,12,46,5]
    dm = [-14,-21,12,15,-17,21,17,-3,9,-13,-6,-12,6,-22,-23,19,-9]


n = 25
d = 32
    dp_n=20,dm_n=12 # dp = [35,32,42,18,39,50,45,33,28,9,46,6,3,8,17,4,43,7,44,2]
    dp = [33,30,40,16,37,48,43,31,26,7,44,4,1,6,15,2,41,5,42,0]
    dm = [8,19,16,22,-1,-17,3,-23,14,7,-15,-16]


