n_6
2.727813959121704
2.1999101638793945
2.2747528553009033
1.8952245712280273
1.9628512859344482
2.0336437225341797
1.801142692565918
2.36193585395813
1.7778711318969727
2.4335148334503174
1.678776502609253
1.7695531845092773
2.6580166816711426
1.6698477268218994
1.9279742240905762
2.6255035400390625
1.7429850101470947
1.7235267162322998
1.9011399745941162
2.734358787536621
1.7060484886169434
1.681915044784546
1.783616065979004
1.7943565845489502
3.3918745517730713
1.771409511566162
1.7633240222930908
1.7771916389465332
1.3891656398773193
2.6566107273101807
1.4374804496765137
1.518113374710083
1.2639389038085938
1.308220624923706
1.3973095417022705
1.2653019428253174
1.3145253658294678
2.9477121829986572
1.3448457717895508
1.343031644821167
1.3534207344055176
1.354588270187378
1.3469531536102295
1.3250985145568848
1.2777323722839355
1.4858653545379639
3.2998554706573486
1.3037116527557373
1.3812057971954346
1.3019840717315674
1.371013879776001
1.308408260345459
1.60040283203125
1.3558356761932373
1.4569900035858154
1.3485376834869385
1.3820571899414062
3.89180326461792
1.457960844039917
1.401066541671753
1.5072360038757324
1.4113926887512207
1.4353985786437988
1.4198510646820068
1.3732552528381348
1.378852367401123
1.5137734413146973
1.6423561573028564
1.602816104888916
1.370595932006836
1.4376318454742432
4.599780321121216
1.6089541912078857
1.4148387908935547
1.452652931213379
1.3384621143341064
1.4537932872772217
1.4790780544281006
1.6489965915679932
1.4868991374969482
1.400517463684082
1.3832471370697021
1.4683647155761719
1.4450926780700684
1.7398583889007568
1.5505709648132324
1.4412178993225098
1.5312116146087646
5.417178630828857
1.5898118019104004
1.4102749824523926
1.5674185752868652
2.011404275894165
1.615535020828247
1.4032227993011475
1.4339687824249268
1.5859668254852295
1.5044991970062256
1.4261729717254639
1.5301601886749268
1.5568549633026123
1.5100398063659668
1.6068696975708008
1.5780136585235596
1.5987894535064697
1.5523180961608887
1.5647709369659424
1.5409088134765625
1.6233923435211182
1.699944019317627
6.457117557525635
1.709181308746338
1.5656485557556152
1.517927885055542
1.6267750263214111
1.4999232292175293
1.6698570251464844
1.5225310325622559
61.72624850273132
1.6917271614074707
1.417978286743164
1.5535168647766113
1.5593879222869873
1.6121068000793457
1.5383882522583008
1.5631909370422363
1.6364657878875732
1.4823946952819824
1.4401164054870605
1.6424286365509033
1.5169034004211426
1.5439918041229248
1.4736852645874023
1.5401721000671387
1.6293666362762451
1.4952104091644287
7.620012283325195
1.6066851615905762
1.5829007625579834
1.5544791221618652
1.4179558753967285
1.5209314823150635
1.5036249160766602
1.5925428867340088
1.544445514678955
1.4660305976867676
1.4946038722991943
1.4806160926818848
1.6724367141723633
1.5262746810913086
1.595505952835083
1.6233718395233154
1.5165214538574219
1.6651782989501953
1.5022528171539307
1.492579460144043
1.527522325515747
1.5041496753692627
1.589811086654663
1.5161218643188477
1.4622282981872559
1.6512916088104248
1.595841884613037
1.7637999057769775
1.5383565425872803
1.6900599002838135
1.6680948734283447
1.526092290878296
1.803450345993042
9.38926649093628
1.6584887504577637
1.753284215927124
1.8118314743041992
1.6861333847045898
1.7066409587860107
1.7999756336212158
1.763667345046997
1.9550294876098633
1.9129230976104736
1.769120216369629
1.807591199874878
1.9038166999816895
1.7655785083770752
1.9972314834594727
1.8063173294067383
1.897742509841919
1.6759741306304932
1.7193231582641602
1.6818163394927979
2.026036500930786
1.6282124519348145
1.6289589405059814
1.632094383239746
1.5953655242919922
1.7468101978302002
1.8203825950622559
1.599350929260254
1.8765249252319336
1.8203239440917969
1.679154396057129
