n_8
1.7733919620513916
1.5511813163757324
1.5427296161651611
1.5842070579528809
1.3889832496643066
1.4639601707458496
1.2532241344451904
1.6468994617462158
1.2818374633789062
1.6702702045440674
1.1522448062896729
1.4021079540252686
1.9960451126098633
1.2333929538726807
1.284536600112915
2.056121349334717
1.2016594409942627
1.2725398540496826
1.3001549243927002
2.1685585975646973
1.3633489608764648
1.361781358718872
1.3404192924499512
1.4149565696716309
2.4456725120544434
1.2929317951202393
1.3777391910552979
1.5325744152069092
1.3716106414794922
2.7457432746887207
1.4399890899658203
1.3169548511505127
1.4201977252960205
1.388190507888794
1.4524035453796387
1.4313695430755615
1.3096683025360107
3.146547555923462
1.4252426624298096
1.4319610595703125
1.3978707790374756
1.4959557056427002
1.3524529933929443
1.395054578781128
1.4160332679748535
1.3465197086334229
3.412306547164917
1.4506685733795166
1.4732379913330078
1.4327707290649414
1.3637518882751465
1.62709379196167
1.736119031906128
2.088196039199829
1.898926019668579
2.4096126556396484
1.7725708484649658
5.588086366653442
1.5046167373657227
1.4511775970458984
1.380272626876831
1.3526458740234375
1.5383074283599854
1.3186290264129639
1.4186267852783203
1.3222427368164062
1.3999621868133545
1.6195781230926514
1.5718302726745605
1.6135365962982178
1.584991455078125
5.179453134536743
1.4757981300354004
1.498697280883789
1.5117156505584717
1.4543476104736328
1.4770543575286865
1.4342024326324463
1.732649803161621
1.5133440494537354
1.6896796226501465
1.6702940464019775
1.4552927017211914
1.5347304344177246
1.7550570964813232
1.5371992588043213
1.5651946067810059
1.6339116096496582
6.161545276641846
1.5258641242980957
1.4808752536773682
1.5055110454559326
1.6015069484710693
1.6955287456512451
1.549640417098999
1.5297985076904297
1.5897488594055176
1.6569116115570068
1.6019566059112549
1.6952974796295166
1.6726932525634766
1.6146016120910645
1.5474965572357178
1.6274967193603516
1.5785610675811768
1.7750165462493896
1.7889468669891357
1.620370864868164
1.582045316696167
1.7882599830627441
6.905977725982666
1.6322195529937744
1.5386812686920166
1.5986158847808838
1.5851476192474365
1.5045557022094727
1.6598351001739502
1.5460984706878662
1.6437790393829346
1.6066577434539795
1.7850580215454102
1.5887870788574219
1.5608799457550049
1.5693061351776123
1.6482927799224854
2.041515588760376
2.1286656856536865
1.586709976196289
1.7155437469482422
1.7837519645690918
1.7216153144836426
1.7901403903961182
1.507016897201538
1.8414216041564941
1.7887976169586182
1.6599583625793457
7.895144462585449
1.6051504611968994
1.7960684299468994
1.6267931461334229
1.7908129692077637
1.673189401626587
1.757232427597046
1.73653244972229
1.7005889415740967
1.498872995376587
1.821012020111084
1.8432698249816895
1.5911033153533936
1.6113166809082031
1.6183090209960938
1.5611250400543213
1.618483304977417
1.6859705448150635
1.6006083488464355
1.6784694194793701
1.6426658630371094
1.6495516300201416
1.6462628841400146
1.8113114833831787
1.5787074565887451
2.4064745903015137
1.6332478523254395
1.9001996517181396
1.8156862258911133
1.696387529373169
1.5169551372528076
1.5705358982086182
1.6028492450714111
9.600170373916626
1.664151906967163
1.6442310810089111
1.5851902961730957
1.811328649520874
1.6568753719329834
1.6941547393798828
1.6942112445831299
1.787583351135254
1.6295833587646484
1.7952985763549805
1.591446876525879
1.8511683940887451
1.877995491027832
1.7109580039978027
1.8764700889587402
1.7021772861480713
1.717402696609497
1.8580360412597656
3.145007848739624
2.4638280868530273
2.578113317489624
2.340423345565796
2.1089749336242676
1.7099971771240234
1.7978918552398682
1.6759352684020996
1.9343855381011963
1.7351295948028564
1.7545733451843262
1.9468164443969727
