n_10
1.8984663486480713
1.69669771194458
1.5138695240020752
1.4782817363739014
1.6594889163970947
1.59088134765625
1.3538987636566162
1.771815299987793
1.4296905994415283
1.989131212234497
1.3045322895050049
1.3134522438049316
2.07722544670105
1.33443021774292
1.276261568069458
2.1228816509246826
1.2254002094268799
1.3768112659454346
1.270343542098999
2.2867162227630615
1.4427204132080078
1.5731847286224365
1.520153284072876
1.4097669124603271
2.6226775646209717
1.428715705871582
1.444542407989502
1.6057970523834229
1.9001579284667969
3.1734020709991455
1.4195663928985596
1.3847692012786865
1.3869764804840088
1.4590332508087158
1.4131207466125488
1.3467168807983398
1.3744938373565674
3.1399052143096924
1.3592002391815186
1.3956592082977295
1.318326711654663
1.3540828227996826
1.3433938026428223
1.4253365993499756
1.2881553173065186
1.348503828048706
3.644481658935547
1.3151030540466309
1.4388978481292725
1.3851749897003174
1.4245131015777588
2.1565468311309814
2.165522813796997
1.9954407215118408
1.9123809337615967
1.8399829864501953
1.570692539215088
3.9771080017089844
1.401003360748291
1.4973108768463135
1.3417584896087646
1.3933844566345215
1.5061781406402588
1.4089655876159668
1.3918273448944092
1.3504540920257568
1.4953060150146484
1.460749626159668
1.287064552307129
1.3542892932891846
1.4285774230957031
4.575226545333862
1.3425569534301758
1.383683443069458
1.4033174514770508
1.4526493549346924
1.3755388259887695
1.3826556205749512
1.5040709972381592
1.4540693759918213
1.534719467163086
1.404203176498413
1.4528510570526123
1.3795695304870605
1.4561586380004883
1.443016529083252
1.5227510929107666
1.4504637718200684
5.851159572601318
1.503403663635254
1.4200263023376465
1.5309810638427734
1.8592965602874756
1.5382120609283447
1.4574086666107178
1.5516602993011475
1.596336841583252
1.4884839057922363
2.0601439476013184
1.5389070510864258
1.5112190246582031
1.619554042816162
1.9238383769989014
1.577082633972168
1.5390732288360596
1.5766358375549316
1.9117343425750732
1.6396069526672363
1.7910101413726807
2.0505826473236084
6.788372039794922
1.4646849632263184
1.737316370010376
1.807234525680542
1.4999041557312012
1.6215734481811523
1.6637036800384521
1.7076292037963867
1.6521284580230713
1.6628704071044922
1.570261001586914
1.5089073181152344
1.6936109066009521
1.6192827224731445
1.5657258033752441
1.611501693725586
1.633277177810669
1.6643791198730469
1.6085529327392578
1.5682291984558105
1.5054409503936768
1.556715965270996
1.5953919887542725
1.5199165344238281
1.5445261001586914
1.478755235671997
7.8612141609191895
1.6114885807037354
1.7624094486236572
1.5500993728637695
1.5798585414886475
1.561478853225708
1.5630214214324951
1.6045255661010742
1.5925660133361816
1.6273324489593506
1.598863124847412
1.5710337162017822
1.5829010009765625
1.5288302898406982
1.8082196712493896
1.907320261001587
1.893960952758789
1.8094727993011475
1.7419612407684326
1.6200664043426514
1.5752627849578857
1.5852134227752686
1.6358287334442139
1.7874946594238281
1.9037442207336426
1.7514843940734863
1.741990327835083
1.7380101680755615
1.7449572086334229
1.7891004085540771
1.5174517631530762
1.628112554550171
1.6286983489990234
9.48981785774231
1.683647871017456
1.5362329483032227
1.7739002704620361
1.944934368133545
1.691086769104004
1.7766788005828857
1.6065051555633545
1.6634228229522705
1.6583855152130127
1.8314950466156006
1.5528173446655273
1.5624573230743408
1.6424293518066406
1.6299662590026855
1.7496817111968994
1.6838741302490234
1.6340656280517578
1.7193348407745361
2.0622622966766357
2.425907611846924
2.5578505992889404
1.817479133605957
1.6874279975891113
1.7518229484558105
1.7404897212982178
1.7984912395477295
1.775914192199707
1.7998535633087158
1.7544028759002686
1.7436838150024414
