n_7
1.9357283115386963
2.042447090148926
1.501807451248169
1.4867148399353027
1.5204074382781982
1.6111595630645752
1.7779912948608398
1.7316346168518066
1.299947738647461
2.062922716140747
1.217561960220337
1.609731674194336
2.0535526275634766
1.3855676651000977
1.3522429466247559
2.311185836791992
1.4462847709655762
1.5308232307434082
1.5519654750823975
2.2656972408294678
1.472820520401001
1.5156989097595215
1.66013765335083
1.2381346225738525
2.4355852603912354
1.3448424339294434
1.2980916500091553
1.3262743949890137
1.482100248336792
2.7778170108795166
1.3366410732269287
1.2854671478271484
1.2410986423492432
1.338758945465088
1.3988194465637207
1.5308070182800293
1.3766562938690186
3.4047534465789795
1.4735186100006104
1.4429020881652832
1.3399972915649414
1.2750771045684814
1.2516300678253174
1.5602178573608398
1.3200159072875977
1.3039405345916748
3.383500337600708
1.4022209644317627
1.4168212413787842
1.27524733543396
1.401899814605713
1.3177316188812256
1.4201879501342773
1.3974781036376953
1.2933976650238037
1.3419227600097656
1.581294298171997
4.076993703842163
1.5199134349822998
1.435225009918213
1.3547110557556152
1.3900701999664307
1.4136269092559814
1.3457531929016113
1.3335669040679932
1.7427942752838135
1.4974658489227295
1.3923451900482178
1.5707943439483643
1.3921716213226318
1.4566292762756348
4.623294353485107
1.4159445762634277
1.5460388660430908
1.4161200523376465
1.616945505142212
1.4808869361877441
1.5259778499603271
1.3741686344146729
1.570981740951538
1.4883639812469482
1.440417766571045
1.5228922367095947
1.3819940090179443
1.5034494400024414
1.4762492179870605
1.4342925548553467
1.404752254486084
5.881034851074219
1.3967983722686768
1.3199408054351807
1.6465601921081543
1.6473584175109863
1.3884611129760742
1.6000704765319824
1.5238795280456543
1.4942693710327148
1.4460391998291016
1.5083081722259521
1.4678523540496826
1.4969544410705566
1.5575625896453857
1.6233105659484863
1.6796228885650635
1.4585528373718262
1.4332165718078613
1.6903924942016602
1.4983067512512207
1.4200620651245117
1.6981379985809326
6.54562520980835
1.9018168449401855
1.5300898551940918
1.6144287586212158
1.5523931980133057
1.5401585102081299
1.7253062725067139
1.4727363586425781
1.5171923637390137
1.5205035209655762
1.5869102478027344
1.5619421005249023
1.7168831825256348
1.6301348209381104
1.5818169116973877
1.5860989093780518
1.4712765216827393
1.4101052284240723
1.4766757488250732
1.4654250144958496
1.688326120376587
1.7159919738769531
1.462822437286377
1.5502796173095703
1.6795344352722168
1.6964480876922607
8.052203178405762
1.9479360580444336
2.4662563800811768
2.278791904449463
2.470111131668091
2.095769166946411
1.7309904098510742
1.555649757385254
1.517347812652588
1.5840063095092773
1.5199205875396729
1.9311959743499756
1.6031734943389893
1.6963036060333252
1.5103466510772705
1.63576078414917
1.4991035461425781
1.6393764019012451
1.7240097522735596
1.782270908355713
1.6117939949035645
1.6767873764038086
1.5963282585144043
1.5138392448425293
1.5740461349487305
1.5240898132324219
1.6230452060699463
1.5290162563323975
1.7925539016723633
1.5124940872192383
1.6702589988708496
1.5667295455932617
1.6903154850006104
9.145655393600464
1.53177809715271
1.5703935623168945
1.5138270854949951
1.611983299255371
1.559002161026001
1.5152018070220947
1.6132392883300781
1.5993099212646484
1.6539525985717773
1.556001901626587
1.567183494567871
1.7066469192504883
1.6900110244750977
1.7616939544677734
1.668510913848877
1.6589009761810303
1.744351863861084
1.7003686428070068
1.6970276832580566
1.6209464073181152
1.603297233581543
1.5450422763824463
1.7887728214263916
1.731870412826538
1.6204040050506592
1.710322618484497
1.8242051601409912
1.8457462787628174
1.8683090209960938
1.8260769844055176
