n_5
1.8687372207641602
1.4527268409729004
1.3651421070098877
1.3687105178833008
1.6128122806549072
1.662276029586792
1.3648653030395508
1.6171793937683105
1.2523393630981445
1.618584156036377
1.1666405200958252
1.197913408279419
1.7725772857666016
1.2968745231628418
1.1597213745117188
2.0532219409942627
1.1280839443206787
1.2802503108978271
1.3211100101470947
2.223093271255493
1.169335126876831
1.4560391902923584
1.3127212524414062
1.3007385730743408
2.3664872646331787
1.173811674118042
1.2624247074127197
1.2742998600006104
1.3498616218566895
2.6347386837005615
1.285304307937622
1.3606886863708496
1.1732921600341797
1.1944892406463623
1.2146761417388916
1.2247765064239502
1.2043561935424805
2.977797508239746
1.3120861053466797
1.3654119968414307
1.359471321105957
1.2333383560180664
1.3841636180877686
1.4116299152374268
1.2823598384857178
1.3275747299194336
3.455580949783325
1.3021221160888672
1.5218908786773682
1.346231460571289
1.406745433807373
1.4062819480895996
1.4561402797698975
1.4210240840911865
1.3128323554992676
1.5673892498016357
1.347348690032959
3.984157085418701
1.4572923183441162
1.6243529319763184
1.371551275253296
1.4780428409576416
1.4616811275482178
1.3659558296203613
1.389085054397583
1.4312236309051514
1.492577075958252
1.6202929019927979
2.8033363819122314
2.502636194229126
2.0974297523498535
5.77521276473999
1.4184579849243164
1.3956644535064697
1.3214099407196045
1.393643856048584
1.4257657527923584
1.5906953811645508
1.3357162475585938
1.360802412033081
1.3849756717681885
1.4580512046813965
1.7724628448486328
1.596761703491211
1.431837797164917
1.5776257514953613
1.6635770797729492
1.5119640827178955
5.6351847648620605
1.6869170665740967
1.6669559478759766
2.1400351524353027
1.4020135402679443
1.538022756576538
1.5729038715362549
1.4925751686096191
1.5462839603424072
1.8685925006866455
1.5106630325317383
1.7931158542633057
1.6675734519958496
1.527747392654419
1.504295825958252
1.4097371101379395
1.4661903381347656
1.596325159072876
1.5525920391082764
1.4961493015289307
1.63484787940979
1.522160291671753
6.810787916183472
1.5040910243988037
1.484097957611084
1.6115243434906006
1.587031364440918
1.423029899597168
1.4956765174865723
1.4523391723632812
1.5443918704986572
1.5049865245819092
1.6275928020477295
1.5228731632232666
1.8047301769256592
1.59763765335083
1.5596659183502197
1.4856135845184326
1.672393798828125
1.5518553256988525
1.4435279369354248
1.686248779296875
1.4193785190582275
1.5033011436462402
1.4686081409454346
1.4837756156921387
1.5150632858276367
1.4674808979034424
7.564742565155029
1.5582842826843262
1.5049645900726318
1.6360232830047607
1.661998987197876
1.7227370738983154
1.609837532043457
1.6280617713928223
1.5807795524597168
1.6499719619750977
1.601330280303955
1.7022242546081543
1.7368266582489014
1.7947158813476562
1.663888692855835
1.7868201732635498
1.7031402587890625
1.6081867218017578
1.73618745803833
1.6708321571350098
1.5280959606170654
1.5974626541137695
1.5489797592163086
1.6355016231536865
1.5869970321655273
1.6285276412963867
1.6457407474517822
1.603713035583496
1.58491849899292
1.5505750179290771
1.625115156173706
1.7866051197052002
1.552678108215332
8.649057626724243
1.6617162227630615
1.6062910556793213
1.6591362953186035
1.8146793842315674
1.671271800994873
1.6950099468231201
1.7243764400482178
1.7740635871887207
1.5630407333374023
1.6699669361114502
1.5978527069091797
1.819392442703247
1.6108176708221436
1.6071698665618896
1.5803015232086182
1.6058030128479004
1.5868465900421143
1.5991523265838623
1.825014352798462
1.6583242416381836
1.954359531402588
1.5319185256958008
1.7145824432373047
1.6735188961029053
1.7006943225860596
1.7904746532440186
1.6131184101104736
1.5913360118865967
1.6186513900756836
1.6091830730438232
