n_4
2.2309935092926025
1.5850412845611572
1.5122566223144531
1.6855556964874268
1.6672348976135254
1.6432414054870605
1.394632339477539
1.7424604892730713
1.2094719409942627
1.8388104438781738
1.2380290031433105
1.369157075881958
1.9600543975830078
1.52738618850708
1.436267375946045
2.5424368381500244
1.3458659648895264
1.2625045776367188
1.7890360355377197
2.4112343788146973
1.3388183116912842
1.3649945259094238
1.595191478729248
1.3726649284362793
2.502542734146118
1.6991186141967773
1.2586348056793213
1.4144482612609863
1.3703484535217285
2.656867504119873
1.3215787410736084
1.4822521209716797
1.4036915302276611
1.4416978359222412
1.4067285060882568
1.3689804077148438
1.3363943099975586
4.622920989990234
1.9672682285308838
1.793091058731079
2.0110371112823486
2.128101348876953
1.9556715488433838
2.3233096599578857
1.7960612773895264
2.0934481620788574
5.116105794906616
2.0984296798706055
2.0176284313201904
2.094541072845459
1.9942142963409424
1.7458343505859375
2.1569952964782715
2.261040449142456
2.0397250652313232
2.1479718685150146
2.0834362506866455
6.6589272022247314
2.000560998916626
2.023648262023926
2.2893664836883545
2.1627371311187744
2.245987892150879
1.8351600170135498
2.2576682567596436
1.927067756652832
2.139167547225952
2.043596029281616
1.9943346977233887
2.3849854469299316
2.083801746368408
7.204012155532837
2.540825605392456
2.1859781742095947
2.072784423828125
2.2217352390289307
2.199763059616089
1.9353251457214355
1.9204158782958984
1.9634785652160645
2.042375087738037
2.0465922355651855
1.856163501739502
2.2015671730041504
2.1662847995758057
2.137112617492676
2.4135537147521973
2.7836356163024902
8.571178674697876
2.1774742603302
2.3788297176361084
1.917269229888916
2.5381641387939453
2.454407215118408
2.156193256378174
1.9785916805267334
2.6053643226623535
2.330864191055298
2.478121519088745
2.6207468509674072
2.4343457221984863
7.602619171142578
2.032984495162964
1.9960508346557617
2.523995876312256
2.511854648590088
2.3460030555725098
2.372669219970703
2.2212753295898438
2.3211963176727295
8.355978727340698
1.9745197296142578
1.7978055477142334
1.6387155055999756
1.635134220123291
1.7568466663360596
1.6263153553009033
1.5834290981292725
1.7591791152954102
1.66001296043396
1.8008458614349365
1.6804859638214111
1.6338067054748535
1.607553482055664
1.5184049606323242
1.460130214691162
1.8763251304626465
1.6428518295288086
1.5771946907043457
1.7845797538757324
1.6013963222503662
1.5671837329864502
1.651153564453125
1.6313908100128174
1.7593121528625488
1.6757416725158691
8.24986219406128
1.5913655757904053
1.6071152687072754
1.749906063079834
1.6590540409088135
1.5590200424194336
1.6412436962127686
1.8690226078033447
1.6085641384124756
1.8908658027648926
1.7204272747039795
1.705211877822876
1.6290991306304932
1.7431635856628418
1.636335849761963
1.6312153339385986
1.585930347442627
1.678812026977539
1.6206934452056885
1.5843768119812012
1.5971074104309082
1.8787000179290771
1.633713960647583
1.7327158451080322
1.7533626556396484
1.7247695922851562
1.8199477195739746
1.765794277191162
1.7804183959960938
1.8021574020385742
2.0129337310791016
1.6473774909973145
1.6963603496551514
9.619741201400757
1.6962292194366455
1.5900628566741943
1.759803056716919
1.9881021976470947
1.7373433113098145
1.7030994892120361
1.7056336402893066
1.7187864780426025
1.83662748336792
1.656458854675293
1.8007283210754395
1.7043182849884033
1.6492481231689453
1.9133672714233398
1.737257719039917
1.7836735248565674
1.735194206237793
1.8567042350769043
1.7142224311828613
1.8545866012573242
1.7241981029510498
1.7785532474517822
1.7183592319488525
1.8835620880126953
1.9445550441741943
1.9195256233215332
1.8193542957305908
2.05643630027771
1.7589459419250488
1.6928389072418213
