n_9
2.034723997116089
1.6184360980987549
1.7476916313171387
1.6692371368408203
1.6014854907989502
1.724623203277588
1.3674280643463135
1.6870090961456299
1.265190839767456
1.7213070392608643
1.4653151035308838
1.3174898624420166
1.9282419681549072
1.3224575519561768
1.5026741027832031
2.0106394290924072
1.5944480895996094
1.3293566703796387
1.3723556995391846
2.2036759853363037
1.4150152206420898
1.374807596206665
1.3567125797271729
1.6367413997650146
2.418187379837036
1.409796953201294
1.309065818786621
1.3203372955322266
1.4047675132751465
2.8691680431365967
1.4912352561950684
1.342620611190796
1.4832005500793457
1.3765625953674316
1.3629217147827148
1.3627135753631592
1.4203577041625977
3.1512482166290283
1.3549933433532715
1.4111995697021484
1.7831034660339355
1.3703701496124268
1.4240248203277588
1.4843578338623047
1.3347694873809814
1.3472189903259277
3.479212522506714
1.4320001602172852
1.3792016506195068
1.4257795810699463
1.4423043727874756
1.4631004333496094
1.610884666442871
1.4463818073272705
1.456646203994751
1.6051156520843506
1.5902488231658936
4.0069580078125
1.4746251106262207
1.6015944480895996
1.4407708644866943
1.5338125228881836
1.464695930480957
1.435241460800171
1.5726020336151123
1.5340571403503418
1.433593511581421
1.6499276161193848
1.4878358840942383
1.5150799751281738
1.6554114818572998
4.922904014587402
1.5095484256744385
1.4529404640197754
1.5212340354919434
1.5240702629089355
1.4043798446655273
1.5624020099639893
1.4817655086517334
1.5658113956451416
1.5603559017181396
1.5445191860198975
1.638676404953003
1.6460425853729248
1.5791747570037842
1.6634654998779297
1.7180821895599365
1.5368092060089111
5.511290073394775
1.5720272064208984
1.663510799407959
1.7605550289154053
1.6359872817993164
1.6170716285705566
1.6512649059295654
1.6088461875915527
1.6115517616271973
1.469353199005127
1.5493321418762207
1.5874614715576172
1.6409571170806885
1.5095126628875732
1.459578514099121
1.435316562652588
1.5975098609924316
1.7635996341705322
1.5593421459197998
1.548576831817627
1.4667878150939941
1.5885679721832275
6.446848392486572
1.64394211769104
1.7267956733703613
1.6167669296264648
1.5919921398162842
1.5385258197784424
1.6316914558410645
1.6025779247283936
1.497349739074707
1.5184683799743652
1.5976638793945312
1.6026115417480469
1.5737483501434326
1.7156620025634766
1.5624885559082031
1.7403755187988281
1.5588302612304688
1.6179437637329102
1.639679193496704
1.5718867778778076
1.640476942062378
1.5434434413909912
1.6385433673858643
1.7837953567504883
1.7027499675750732
1.5728392601013184
7.76116156578064
1.717780590057373
1.7831249237060547
1.907409906387329
2.2281594276428223
2.015583038330078
1.6770546436309814
1.6526870727539062
1.6595935821533203
1.6367013454437256
1.6519486904144287
1.6619884967803955
1.5894358158111572
1.6340482234954834
1.7047679424285889
1.7308931350708008
1.7711057662963867
1.8266384601593018
1.7235219478607178
1.844949722290039
2.0373382568359375
1.8857121467590332
1.9056153297424316
1.6804516315460205
1.8795075416564941
1.7800095081329346
1.7156314849853516
1.8040978908538818
1.6941092014312744
1.6252930164337158
1.636601448059082
1.6453869342803955
1.757084608078003
9.403868436813354
1.8353569507598877
1.651932716369629
1.6398038864135742
1.7250237464904785
1.742985725402832
1.7385814189910889
2.2493033409118652
1.631995677947998
1.7643609046936035
2.085676908493042
1.8944571018218994
1.7431318759918213
1.8919014930725098
1.713301181793213
1.9082660675048828
1.5975615978240967
1.7273790836334229
1.698765516281128
1.8174564838409424
1.8169519901275635
1.6716678142547607
1.7012596130371094
1.7059102058410645
1.8974089622497559
1.8828198909759521
1.7085762023925781
1.7450811862945557
1.710571050643921
1.833742380142212
1.7182154655456543
