     0  1  2  3  4  5  6  7  8  9  10  11  12  13  14  15  chain_break_fraction  energy  num_occurrences
0    0  1  0  0  0  0  0  1  1  0   0   0   0   0   1   0                0.0000    -8.0               47
1    0  0  1  0  1  0  0  0  0  0   0   1   0   1   0   0                0.0000    -8.0              143
2    0  1  0  0  0  0  0  1  1  0   0   0   0   0   1   0                0.0625    -8.0                1
3    0  0  1  0  1  0  0  0  0  0   0   1   0   0   0   1                0.0000    -6.0                1
4    0  0  0  1  0  0  0  1  1  0   0   0   0   0   1   0                0.0000    -6.0                7
5    0  0  0  0  0  0  0  1  1  0   0   0   0   0   1   0                0.0000    -6.0                3
6    0  0  1  0  1  0  0  0  0  0   0   1   1   1   0   0                0.0000    -6.0                5
7    1  1  0  0  0  0  0  1  1  0   0   0   0   0   1   0                0.0000    -6.0                3
8    0  1  0  0  0  0  0  0  1  0   0   0   0   0   0   1                0.0000    -6.0                3
9    0  0  0  0  0  0  1  0  1  0   0   0   0   0   0   1                0.0000    -6.0                2
10   0  0  0  1  0  0  0  0  1  0   0   0   0   0   1   0                0.0000    -6.0                3
11   0  1  0  0  0  0  0  1  1  0   0   0   1   0   1   0                0.0000    -6.0                3
12   0  1  0  1  0  0  0  1  1  0   0   0   0   0   1   0                0.0000    -6.0                3
13   0  1  0  0  0  0  0  0  1  0   0   0   0   0   1   0                0.0000    -6.0                2
14   0  1  0  0  0  0  0  1  1  0   0   0   1   0   0   0                0.0000    -6.0                3
15   0  1  0  0  0  0  0  1  1  0   0   0   0   0   0   1                0.0000    -6.0                4
16   1  0  0  0  0  0  0  1  1  0   0   0   0   0   1   0                0.0000    -6.0                1
17   0  1  0  0  0  0  1  0  1  0   0   0   0   0   0   1                0.0000    -6.0                3
18   0  1  0  0  0  0  0  1  1  0   0   0   0   0   1   1                0.0000    -6.0                2
19   0  1  0  0  0  0  0  0  1  0   0   0   0   0   1   1                0.0000    -6.0                2
20   0  0  1  0  1  0  0  0  0  0   0   0   0   1   0   0                0.0000    -6.0                4
21   0  0  0  0  0  1  0  0  0  0   0   1   1   0   0   0                0.0000    -6.0               12
22   0  0  0  1  0  1  0  0  1  0   0   0   0   0   1   0                0.0000    -6.0               10
23   0  0  1  0  0  0  0  0  0  1   0   0   0   0   0   1                0.0000    -6.0                9
24   0  0  1  0  0  0  0  0  0  0   0   1   0   1   0   0                0.0000    -6.0                3
25   0  0  1  0  0  0  0  0  0  0   0   1   1   0   0   0                0.0000    -6.0                5
26   1  0  0  0  0  0  0  1  0  0   0   0   0   0   1   0                0.0000    -6.0                8
27   0  0  0  1  1  0  0  0  0  0   0   1   0   1   0   0                0.0000    -6.0                6
28   1  0  0  0  0  0  0  0  0  0   0   1   0   1   0   0                0.0000    -6.0                3
29   0  0  1  0  1  0  0  0  0  0   0   1   1   0   0   0                0.0000    -6.0                2
30   0  0  1  0  0  0  0  0  0  0   0   1   1   1   0   0                0.0000    -6.0                2
31   0  0  0  1  1  0  0  0  0  0   1   0   0   0   0   0                0.0000    -6.0                1
32   0  1  0  0  0  0  0  0  0  0   1   0   1   0   0   0                0.0000    -6.0                2
33   0  1  0  0  0  0  0  1  0  0   0   0   0   0   1   0                0.0000    -6.0                2
34   0  0  1  0  1  0  0  0  0  0   0   0   0   0   0   1                0.0000    -6.0                2
35   0  0  1  0  1  0  0  0  0  1   0   0   0   0   0   1                0.0000    -6.0                7
36   0  0  1  0  1  0  0  0  0  0   0   1   0   1   0   1                0.0000    -6.0                6
37   0  0  1  0  1  0  0  0  0  0   0   1   0   0   0   0                0.0000    -6.0                6
38   0  0  1  1  1  0  0  0  0  0   0   1   0   1   0   0                0.0000    -6.0                9
39   0  1  0  0  0  0  0  1  0  0   0   0   1   0   0   0                0.0000    -6.0                3
40   1  0  1  0  1  0  0  0  0  0   0   1   0   1   0   0                0.0000    -6.0                4
41   0  0  1  0  1  0  0  0  0  0   0   0   0   1   0   1                0.0000    -6.0                3
42   0  0  1  0  0  1  0  0  0  0   0   1   1   0   0   0                0.0000    -6.0                7
43   1  0  0  0  0  0  1  0  0  0   0   1   0   1   0   0                0.0000    -6.0                5
44   1  0  0  0  0  0  1  0  0  0   0   0   0   1   0   0                0.0000    -6.0                5
45   1  1  0  0  0  0  0  1  0  0   0   0   0   0   1   0                0.0000    -6.0                3
46   0  0  0  1  1  0  0  0  0  0   0   0   0   1   0   0                0.0000    -6.0                9
47   0  0  1  1  1  0  0  0  0  0   0   0   0   1   0   0                0.0000    -6.0               11
48   1  0  0  0  0  0  0  1  0  1   0   0   0   0   1   0                0.0000    -6.0                6
49   1  0  0  0  0  0  0  1  0  1   0   0   0   0   0   0                0.0000    -6.0                2
50   0  0  0  1  0  1  0  0  0  0   0   0   0   0   1   0                0.0000    -6.0               17
51   0  0  0  1  1  0  0  0  0  0   1   0   0   1   0   0                0.0000    -6.0                5
52   1  0  1  0  0  0  0  0  0  0   0   1   0   1   0   0                0.0000    -6.0                3
53   1  0  0  0  1  0  0  0  0  0   0   1   0   1   0   0                0.0000    -6.0                3
54   0  0  1  0  1  0  0  0  0  0   0   1   0   1   0   1                0.0625    -6.0                3
55   0  1  0  1  0  0  0  0  1  0   0   0   0   0   1   0                0.0625    -6.0                1
56   0  1  0  0  0  0  0  1  0  0   0   0   1   0   1   0                0.0625    -6.0                1
57   0  0  1  0  1  1  0  0  0  0   0   1   0   1   0   0                0.0625    -4.0                1
58   1  0  0  0  0  0  0  1  0  0   0   0   0   0   1   0                0.0625    -6.0                1
59   0  0  1  0  0  0  1  0  0  1   0   0   0   0   0   1                0.0000    -4.0                1
60   1  1  0  0  0  0  0  1  0  0   0   0   1   0   1   0                0.0000    -4.0                1
61   0  0  0  0  0  1  0  1  0  0   0   1   1   0   0   0                0.0000    -4.0                1
62   1  0  0  0  0  1  0  0  0  0   0   1   0   0   1   0                0.0000    -4.0                1
63   1  0  0  0  0  0  0  1  0  0   0   0   0   1   1   0                0.0000    -4.0                1
64   1  0  0  0  0  0  1  1  0  0   0   0   0   1   0   0                0.0000    -4.0                1
65   0  0  1  1  0  0  0  0  0  0   0   0   0   1   0   0                0.0000    -4.0                2
66   0  0  0  0  1  0  1  0  0  0   0   0   0   1   0   1                0.0000    -4.0                1
67   0  0  1  0  1  0  1  0  0  0   0   0   0   1   0   1                0.0000    -4.0                1
68   0  0  0  1  0  1  0  0  0  0   0   0   0   0   0   0                0.0000    -4.0                1
69   0  0  0  1  0  0  0  1  0  0   0   0   0   0   1   0                0.0000    -4.0                1
70   1  0  0  0  0  0  1  0  0  0   0   0   0   1   1   0                0.0000    -4.0                1
71   0  0  0  1  0  1  0  0  0  0   0   0   0   1   0   0                0.0000    -4.0                1
72   0  0  1  0  1  0  1  0  0  0   0   0   0   0   0   1                0.0000    -4.0                1
73   0  0  1  0  1  0  0  0  0  1   0   0   0   1   0   1                0.0000    -4.0                1
74   0  0  1  0  0  1  0  0  0  0   0   1   1   1   0   0                0.0000    -4.0                1
75   0  0  0  1  1  0  0  0  0  0   0   0   0   1   1   0                0.0000    -4.0                1
76   1  0  1  0  0  0  0  0  0  1   0   0   0   0   0   0                0.0000    -4.0                1
77   1  0  0  0  0  0  0  1  0  1   0   1   0   0   0   0                0.0000    -4.0                1
78   0  0  0  0  0  1  0  0  0  0   0   1   0   0   1   0                0.0000    -4.0                1
79   0  0  0  0  1  1  0  0  0  0   0   1   0   0   0   0                0.0000    -4.0                1
80   0  0  1  0  1  0  1  0  0  0   0   0   0   1   0   0                0.0000    -4.0                1
81   0  0  0  1  0  1  0  0  0  0   0   1   0   0   1   0                0.0000    -4.0                1
82   0  0  0  1  1  0  0  0  0  0   0   0   0   0   1   0                0.0000    -4.0                1
83   0  0  0  1  0  0  0  1  1  0   0   0   0   0   0   0                0.0000    -4.0                2
84   0  0  0  0  0  0  0  1  0  0   0   0   0   0   1   0                0.0000    -4.0                1
85   0  0  0  1  0  1  0  0  0  0   0   1   0   1   0   0                0.0000    -4.0                1
86   0  0  0  0  0  0  0  1  0  1   0   0   0   0   0   1                0.0000    -4.0                1
87   1  0  0  0  0  0  1  0  0  1   0   0   0   1   0   0                0.0000    -4.0                1
88   0  0  0  0  0  0  0  0  1  0   0   0   0   0   1   1                0.0000    -4.0                2
89   0  0  1  0  0  0  0  1  0  0   0   1   1   0   0   0                0.0000    -4.0                1
90   0  0  1  0  0  0  0  0  1  1   0   0   0   0   0   1                0.0000    -4.0                1
91   0  0  0  1  0  0  1  0  1  0   0   0   0   0   1   0                0.0000    -4.0                1
92   1  0  1  0  0  0  0  0  0  1   0   1   0   0   0   0                0.0000    -4.0                1
93   0  0  1  0  1  0  0  0  0  0   1   0   0   1   0   0                0.0000    -4.0                1
94   1  0  1  0  1  0  0  0  0  0   0   1   0   0   0   0                0.0000    -4.0                1
95   0  0  1  0  0  0  0  0  0  1   0   0   1   0   0   1                0.0000    -4.0                1
96   0  0  0  1  1  1  0  0  0  0   0   1   0   0   0   0                0.0000    -4.0                1
97   0  0  0  1  0  0  0  0  1  0   0   0   0   0   0   1                0.0000    -4.0                1
98   0  0  0  1  1  0  0  0  0  0   0   0   0   1   0   1                0.0000    -4.0                1
99   0  1  0  0  0  0  0  0  0  0   0   1   1   0   0   0                0.0000    -4.0                1
100  0  1  0  0  0  0  0  1  1  1   0   0   0   0   0   1                0.0000    -4.0                1
101  0  1  0  0  0  0  0  0  1  0   0   0   1   0   0   0                0.0000    -4.0                1
102  0  0  0  1  1  0  1  0  0  0   0   0   0   1   0   0                0.0000    -4.0                1
103  0  0  0  1  0  1  0  0  0  0   0   0   1   0   1   0                0.0000    -4.0                1
104  0  0  0  0  0  1  0  0  0  0   0   0   0   0   1   0                0.0000    -4.0                1
105  0  0  0  1  0  1  0  0  0  0   0   0   0   1   1   0                0.0000    -4.0                1
106  0  0  0  1  0  1  0  0  0  0   1   0   0   0   1   0                0.0000    -4.0                1
107  0  0  0  0  0  0  1  1  1  0   0   0   0   0   1   0                0.0625    -4.0                1
108  0  0  1  0  1  0  0  0  0  0   0   1   1   1   0   1                0.0625    -2.0                1
109  0  0  0  1  0  0  0  0  0  0   0   0   0   0   1   0                0.0625    -4.0                1
110  1  0  0  1  0  0  0  0  0  0   0   0   0   1   1   0                0.0625    -4.0                1
111  0  0  1  1  1  0  0  0  0  0   0   1   0   1   0   1                0.0000    -2.0                1
112  1  0  0  0  0  0  0  0  0  0   0   1   1   0   1   0                0.0000    -2.0                1
113  0  0  1  0  1  0  0  0  0  1   1   0   0   0   0   0                0.0000    -2.0                1
114  1  0  1  0  0  0  0  0  0  1   0   0   0   0   1   0                0.0000    -2.0                1
115  0  1  0  0  0  0  0  1  0  1   0   0   0   0   1   1                0.0000    -2.0                1
116  0  0  0  0  0  0  0  1  0  1   0   0   1   0   0   1                0.0000    -2.0                1
117  1  0  0  0  0  1  0  0  0  1   0   0   0   0   1   0                0.0000    -2.0                1
118  0  0  0  0  0  1  0  1  1  0   0   0   1   0   1   0                0.0000    -2.0                1
119  0  0  0  0  0  1  1  0  0  0   0   1   0   0   0   0                0.0000    -2.0                1
120  0  0  0  1  0  0  0  1  0  0   0   0   0   0   0   0                0.0625    -2.0                1
121  0  0  1  0  1  0  0  0  0  0   0   0   0   1   0   1                0.0625    -6.0                1
122  1  0  0  0  0  0  0  0  0  0   0   0   1   1   1   0                0.0000     0.0                1