     0  1  2  3  4  5  6  7  8  9 10 11 12 13 14 15 ... 24 energy num_oc. ...
0    0  0  0  1  0  0  1  0  0  0  0  0  0  0  1  0 ...  0  -10.0       9 ...
1    0  0  0  0  1  0  1  0  0  0  0  0  0  1  0  1 ...  0  -10.0       3 ...
2    0  1  0  0  0  0  0  0  0  1  0  0  1  0  0  1 ...  0  -10.0       2 ...
3    1  0  0  0  0  0  0  1  0  0  0  0  0  0  1  0 ...  0  -10.0       5 ...
4    0  0  1  0  0  1  0  0  0  0  0  0  0  1  0  0 ...  1  -10.0       5 ...
5    0  0  1  0  0  0  0  0  0  1  0  1  0  0  0  0 ...  0  -10.0      14 ...
6    0  1  0  0  0  0  0  0  1  0  1  0  0  0  0  0 ...  1  -10.0       4 ...
7    1  0  0  0  0  0  0  0  1  0  0  1  0  0  0  0 ...  0  -10.0       2 ...
8    0  0  0  1  0  1  0  0  0  0  0  0  1  0  0  0 ...  0  -10.0       5 ...
9    0  0  0  0  1  0  0  1  0  0  1  0  0  0  0  0 ...  0  -10.0       5 ...
56   0  0  0  1  0  1  0  0  0  0  0  0  1  0  0  0 ...  0  -10.0       1 ...
10   0  0  0  0  0  0  1  0  0  0  0  0  0  0  1  0 ...  0   -8.0       1 ...
11   0  0  0  1  0  1  0  0  0  0  0  0  0  0  1  0 ...  0   -8.0       1 ...
12   0  0  0  1  0  1  0  0  0  0  0  0  0  0  1  0 ...  0   -8.0       1 ...
13   0  0  0  0  1  0  1  0  0  0  0  0  0  0  1  1 ...  0   -8.0       2 ...
14   0  1  0  1  0  0  1  0  0  0  0  0  0  0  1  0 ...  0   -8.0       1 ...
15   0  0  0  0  0  0  1  0  0  0  0  0  0  0  1  1 ...  0   -8.0       2 ...
16   0  0  0  1  0  0  1  0  0  0  0  0  0  0  1  0 ...  0   -8.0       1 ...
17   0  0  0  0  1  1  0  0  0  0  0  0  0  1  0  1 ...  0   -8.0       1 ...
18   0  1  0  0  0  0  0  0  0  1  0  0  0  0  1  1 ...  0   -8.0       1 ...
19   0  0  0  0  1  0  1  0  0  0  0  0  0  1  0  0 ...  0   -8.0       1 ...
20   0  0  0  0  1  1  0  0  0  0  0  0  0  1  0  0 ...  0   -8.0       1 ...
21   0  0  1  1  0  1  0  0  0  0  0  0  0  1  0  0 ...  1   -8.0       1 ...
22   0  0  0  1  0  1  0  0  0  0  0  0  0  0  0  0 ...  1   -8.0       1 ...
23   0  0  0  1  0  1  0  0  0  0  0  0  1  0  1  0 ...  0   -8.0       1 ...
24   0  1  0  0  0  0  0  0  0  1  1  0  0  0  0  0 ...  0   -8.0       1 ...
25   0  1  0  0  0  0  0  0  0  1  0  0  0  0  0  0 ...  0   -8.0       1 ...
26   0  0  0  1  0  0  0  0  1  0  1  0  0  0  0  0 ...  1   -8.0       1 ...
27   0  1  0  0  0  0  0  0  0  1  1  0  1  0  0  0 ...  0   -8.0       1 ...
28   0  1  0  0  0  0  0  0  0  1  1  0  0  0  0  0 ...  0   -8.0       1 ...
29   0  0  0  0  1  1  0  0  0  0  0  0  0  0  0  0 ...  0   -8.0       1 ...
30   0  1  0  0  0  0  0  0  0  1  1  0  0  0  0  0 ...  0   -8.0       2 ...
31   0  0  0  1  0  1  0  0  0  0  0  0  1  0  0  0 ...  0   -8.0       1 ...
32   0  0  0  1  0  1  0  0  0  0  0  0  1  0  0  0 ...  0   -8.0       1 ...
33   0  1  0  1  0  0  0  0  1  0  1  0  0  0  0  0 ...  1   -8.0       1 ...
34   0  0  0  0  0  0  0  0  0  1  0  1  0  0  0  0 ...  0   -8.0       1 ...
35   0  1  0  0  0  0  0  0  0  1  0  0  0  0  0  1 ...  0   -8.0       1 ...
36   1  0  0  0  0  0  0  0  1  0  0  0  0  0  0  0 ...  0   -8.0       1 ...
37   1  0  0  0  0  0  0  1  0  0  0  0  0  0  1  0 ...  0   -8.0       1 ...
38   0  1  0  0  0  0  0  0  0  1  0  0  1  0  0  1 ...  0   -8.0       1 ...
39   0  1  0  0  0  0  0  0  0  1  0  1  0  0  0  0 ...  0   -8.0       1 ...
40   0  0  0  0  1  1  0  0  0  0  1  0  0  0  0  0 ...  0   -8.0       1 ...
41   0  1  1  0  0  0  0  0  0  1  0  0  0  0  0  0 ...  0   -8.0       1 ...
42   0  1  1  0  0  0  0  0  0  1  0  1  0  0  0  0 ...  0   -8.0       2 ...
43   0  0  1  0  0  0  0  0  0  1  0  1  0  0  0  0 ...  0   -8.0       1 ...
44   0  0  1  0  0  0  0  0  0  1  0  0  0  0  0  0 ...  0   -8.0       2 ...
45   0  0  1  0  0  0  0  0  0  1  0  0  0  0  0  1 ...  0   -8.0       1 ...
46   0  0  1  0  0  1  0  0  0  0  0  0  0  0  0  0 ...  0   -8.0       1 ...
47   0  0  1  0  0  1  0  0  0  0  0  0  0  1  0  0 ...  0   -8.0       2 ...
48   0  1  0  0  0  0  0  0  1  0  0  0  0  0  0  1 ...  1   -8.0       1 ...
49   0  0  1  0  0  0  0  0  0  0  0  1  0  0  0  0 ...  0   -8.0       1 ...
50   0  0  1  0  0  0  0  0  0  0  0  0  0  1  0  0 ...  1   -8.0       1 ...
51   0  0  0  0  1  0  0  1  0  0  1  0  0  0  0  0 ...  0   -8.0       1 ...
52   0  0  0  0  1  0  0  1  0  0  0  0  0  0  0  0 ...  0   -8.0       1 ...
53   0  0  0  1  0  1  0  0  0  0  0  0  1  0  0  0 ...  0   -8.0       1 ...
54   0  0  0  0  0  0  0  1  0  0  1  0  0  0  0  0 ...  0   -8.0       1 ...
55   0  0  1  0  0  1  0  0  0  0  0  0  0  0  0  0 ...  0   -8.0       1 ...
57   0  0  0  0  1  0  0  0  0  0  0  0  0  1  0  1 ...  0   -8.0       1 ...
58   0  1  0  0  0  0  0  0  1  0  0  0  0  0  0  1 ...  1   -8.0       1 ...
120  0  1  0  0  0  0  0  0  0  1  0  0  1  0  0  1 ...  0   -8.0       1 ...
59   0  0  0  0  1  0  1  0  0  0  0  0  0  0  1  0 ...  0   -6.0       1 ...
60   0  1  0  0  0  0  0  0  0  0  1  0  0  0  1  0 ...  0   -6.0       1 ...
61   0  0  0  0  0  0  1  1  0  0  0  0  0  0  1  0 ...  0   -6.0       1 ...
62   0  0  0  1  0  1  0  0  0  0  0  0  0  0  1  0 ...  0   -6.0       2 ...
63   0  0  0  1  1  1  0  0  0  0  0  0  0  1  0  0 ...  0   -6.0       1 ...
64   0  0  0  1  0  0  1  0  0  0  0  0  0  0  1  0 ...  0   -6.0       1 ...
65   0  0  0  0  0  0  1  0  0  0  0  0  0  0  1  1 ...  0   -6.0       1 ...
66   0  0  0  1  0  1  0  0  0  0  0  0  0  0  0  0 ...  1   -6.0       1 ...
67   0  1  0  0  0  0  0  0  0  1  0  0  0  0  1  0 ...  0   -6.0       1 ...
68   0  1  0  0  0  0  0  0  0  1  0  0  0  0  0  0 ...  0   -6.0       1 ...
69   0  0  0  0  0  0  0  0  1  0  0  0  0  0  0  0 ...  1   -6.0       1 ...
70   0  0  0  0  0  0  0  0  0  0  0  0  1  0  1  1 ...  0   -6.0       1 ...
71   0  0  0  1  0  0  1  0  0  0  0  0  0  0  0  0 ...  0   -6.0       1 ...
72   1  0  0  0  0  0  0  0  0  1  0  0  0  0  0  0 ...  0   -6.0       1 ...
73   0  0  1  0  0  1  0  0  0  1  0  0  0  0  0  0 ...  0   -6.0       1 ...
74   0  1  0  0  0  0  0  0  0  1  0  0  0  0  0  1 ...  0   -6.0       1 ...
75   0  0  0  0  1  0  0  0  0  0  1  0  0  0  0  1 ...  0   -6.0       1 ...
76   0  0  0  0  1  1  0  0  0  0  0  0  1  0  0  0 ...  0   -6.0       1 ...
77   0  1  0  0  0  0  0  0  0  1  0  0  0  0  0  0 ...  0   -6.0       1 ...
78   0  0  0  0  0  0  0  0  0  1  0  1  0  0  0  0 ...  0   -6.0       1 ...
79   0  1  0  1  0  0  0  0  1  0  0  0  0  0  0  0 ...  1   -6.0       1 ...
80   0  0  0  0  1  1  0  0  0  0  0  1  0  0  0  0 ...  0   -6.0       1 ...
81   1  0  0  0  0  0  0  0  0  1  0  0  0  1  0  0 ...  0   -6.0       1 ...
82   0  1  0  0  0  0  0  0  0  1  0  0  1  0  0  0 ...  0   -6.0       1 ...
83   0  0  0  0  0  0  0  0  0  1  0  0  1  0  0  0 ...  0   -6.0       1 ...
84   0  0  0  1  0  1  0  0  0  0  0  0  0  1  0  0 ...  0   -6.0       1 ...
85   0  0  0  0  0  0  0  0  0  1  0  0  1  0  0  1 ...  0   -6.0       1 ...
86   0  0  0  0  1  0  0  0  0  0  0  0  0  0  0  1 ...  0   -6.0       1 ...
87   1  0  1  0  0  1  0  0  0  0  0  0  0  1  0  0 ...  0   -6.0       1 ...
88   0  0  1  0  0  0  0  0  0  1  0  0  0  0  0  0 ...  0   -6.0       1 ...
89   0  1  1  0  0  0  0  0  0  1  0  0  0  0  0  1 ...  0   -6.0       1 ...
90   1  1  0  0  0  0  0  0  1  0  0  0  0  0  0  0 ...  0   -6.0       1 ...
91   0  1  0  0  0  0  0  1  1  0  1  0  0  0  0  0 ...  1   -6.0       1 ...
92   0  0  0  0  0  1  0  0  0  0  1  0  0  0  0  0 ...  0   -6.0       1 ...
93   0  0  1  0  0  1  0  0  0  0  0  0  0  1  0  0 ...  0   -6.0       1 ...
94   0  0  1  0  0  0  0  1  0  1  0  0  0  0  0  0 ...  0   -6.0       1 ...
95   0  0  0  1  0  0  0  0  0  0  1  0  0  0  0  0 ...  0   -6.0       1 ...
96   0  0  0  0  0  0  1  0  1  0  0  0  0  0  0  0 ...  0   -6.0       1 ...
97   0  0  0  0  0  0  0  0  1  0  1  0  0  0  0  0 ...  0   -6.0       1 ...
98   0  0  0  1  0  0  1  0  0  0  0  0  0  1  0  1 ...  0   -6.0       1 ...
99   0  1  0  0  0  0  0  1  0  0  0  0  0  0  0  0 ...  0   -6.0       1 ...
100  0  0  0  1  0  1  0  0  0  0  1  0  0  0  0  0 ...  0   -6.0       1 ...
101  0  1  0  0  0  0  0  0  0  0  1  0  0  0  0  0 ...  0   -6.0       1 ...
102  0  1  0  0  0  0  0  0  1  1  1  0  0  0  0  1 ...  0   -6.0       1 ...
103  0  0  1  0  0  1  0  0  0  0  0  0  0  0  0  0 ...  1   -6.0       1 ...
104  0  1  0  0  0  0  0  0  0  1  1  0  1  0  0  0 ...  0   -6.0       1 ...
105  0  0  0  0  0  0  0  0  0  0  0  1  0  0  0  0 ...  0   -6.0       1 ...
106  0  0  1  0  0  1  0  0  0  0  0  0  0  1  0  0 ...  0   -6.0       1 ...
107  0  0  1  0  0  0  0  1  0  1  0  1  0  0  0  0 ...  0   -6.0       1 ...
108  0  0  0  0  0  0  0  1  0  0  1  0  0  0  0  0 ...  0   -6.0       1 ...
109  0  0  0  0  0  0  0  1  0  0  1  0  0  0  0  0 ...  1   -6.0       1 ...
110  0  0  0  0  0  0  0  0  1  0  0  0  1  0  0  0 ...  0   -6.0       1 ...
111  0  0  0  0  0  0  0  1  0  0  0  0  0  0  0  0 ...  0   -6.0       1 ...
112  0  0  0  0  0  0  0  1  0  0  1  0  0  0  1  0 ...  0   -6.0       1 ...
113  1  0  0  0  0  0  0  1  1  0  1  0  0  0  0  0 ...  0   -6.0       1 ...
114  0  0  0  0  0  0  0  1  1  0  1  0  0  0  0  0 ...  0   -6.0       1 ...
115  0  0  1  0  0  0  0  0  0  1  0  0  0  1  0  1 ...  0   -6.0       1 ...
116  0  0  1  0  0  0  0  1  0  0  1  0  0  0  0  0 ...  0   -6.0       1 ...
117  0  0  1  0  0  0  0  0  0  1  0  1  0  1  0  0 ...  0   -6.0       1 ...
118  0  0  1  0  0  0  0  0  0  0  0  1  0  1  0  0 ...  0   -6.0       1 ...
119  0  0  1  0  0  0  0  0  0  0  0  0  0  0  0  0 ...  0   -6.0       1 ...
143  1  0  0  0  0  0  0  0  1  0  0  0  0  0  1  0 ...  0   -6.0       1 ...
146  0  0  1  0  0  1  0  0  0  0  0  0  0  0  0  0 ...  0   -6.0       1 ...
147  0  0  0  0  0  0  1  0  0  0  0  0  0  0  0  1 ...  0   -6.0       1 ...
148  0  0  0  0  0  0  0  0  0  1  1  1  0  0  0  0 ...  0   -6.0       1 ...
121  0  0  0  1  0  0  1  0  0  0  0  0  0  0  1  0 ...  0   -4.0       1 ...
122  0  0  0  1  1  1  0  0  0  0  1  0  0  0  0  0 ...  0   -4.0       1 ...
123  0  0  0  0  0  0  1  0  0  0  0  0  0  0  1  0 ...  0   -4.0       1 ...
124  0  0  0  0  1  0  0  1  0  0  0  0  0  0  1  0 ...  0   -4.0       1 ...
125  0  1  0  0  0  0  0  0  0  1  0  1  0  0  0  0 ...  1   -4.0       1 ...
126  0  0  1  0  0  0  0  0  0  0  0  0  0  0  0  0 ...  1   -4.0       1 ...
127  0  0  1  0  0  0  0  0  0  1  0  0  0  1  0  0 ...  1   -4.0       1 ...
128  0  0  0  0  1  1  0  0  0  0  0  0  0  0  0  1 ...  0   -4.0       1 ...
129  0  1  0  0  0  1  0  0  0  0  0  0  1  0  0  0 ...  0   -4.0       1 ...
130  0  0  0  0  0  1  1  0  0  0  0  0  0  0  0  0 ...  0   -4.0       1 ...
131  0  1  0  0  0  0  0  0  0  0  0  0  0  0  1  1 ...  0   -4.0       1 ...
132  0  0  0  0  0  0  0  0  1  0  1  0  0  1  0  0 ...  1   -4.0       1 ...
133  0  0  0  0  0  0  1  0  0  0  0  0  0  0  0  0 ...  0   -4.0       1 ...
134  0  0  1  0  0  0  0  0  1  0  0  0  0  0  0  1 ...  1   -4.0       1 ...
135  0  0  0  0  0  0  0  1  0  0  0  0  0  0  0  0 ...  0   -4.0       1 ...
136  0  0  0  0  0  1  0  0  0  0  0  0  1  1  0  0 ...  0   -4.0       1 ...
137  0  0  1  0  0  0  0  0  0  1  1  0  0  0  0  0 ...  0   -4.0       1 ...
138  0  0  1  0  0  0  0  1  0  0  0  0  0  0  0  0 ...  1   -4.0       1 ...
139  0  0  0  0  1  0  0  0  0  0  0  0  0  1  0  0 ...  0   -4.0       1 ...
140  0  0  0  0  1  0  0  1  0  0  1  1  0  0  0  0 ...  1   -4.0       1 ...
141  0  0  0  0  0  0  0  1  0  0  1  0  0  0  0  0 ...  0   -4.0       1 ...
142  0  1  0  0  0  0  0  1  0  0  1  0  0  0  0  0 ...  0   -4.0       1 ...
144  0  0  0  1  0  0  1  0  0  1  0  0  0  0  0  0 ...  0   -2.0       1 ...
145  0  0  0  0  0  0  0  0  1  0  1  0  0  0  0  1 ...  0   -2.0       1 ...
['BINARY', 149 rows, 200 samples, 25 variables]