   0  1  2  3  4  5  6  7  8  9 10 11 12 13 14 15 16 ... 48 energy num_oc. ...
1  0  0  0  0  0  0  0  0  0  0  1  0  0  0  0  0  0 ...  0  -10.0       1 ...
2  0  1  0  0  0  1  0  0  0  0  0  0  0  0  0  0  0 ...  1  -10.0       1 ...
0  0  0  0  0  1  0  0  0  0  0  0  1  0  0  0  0  0 ...  0   -8.0       1 ...
3  1  0  0  0  1  0  0  1  0  0  0  0  0  0  0  0  0 ...  0   -6.0       1 ...
4  0  0  0  0  0  0  1  1  0  0  0  0  0  0  0  0  0 ...  0   -6.0       1 ...
5  0  0  1  0  0  0  0  1  0  0  0  0  0  0  0  0  0 ...  0   -6.0       1 ...
8  0  1  0  0  0  1  0  0  0  0  1  0  0  0  0  0  0 ...  1   -6.0       1 ...
6  0  0  0  0  0  1  1  1  0  0  0  0  0  0  0  0  0 ...  0   -4.0       1 ...
7  0  0  1  0  0  0  0  1  0  0  0  0  0  0  0  0  0 ...  1   -4.0       1 ...
9  0  0  0  0  0  0  0  1  1  0  0  0  0  0  0  0  0 ...  1   -2.0       1 ...
['BINARY', 10 rows, 10 samples, 49 variables]