n   d   num_itr   sp_name   p_sol   energy   variables   qubits   chain_strength   chain_break_method   py_time   embedding_time   qpu_sampling_time   qpu_anneal_time_per_sample   qpu_readout_time_per_sample   qpu_access_time   qpu_access_overhead_time   qpu_programming_time   qpu_delay_time_per_sample   total_post_processing_time   post_processing_overhead_time
10   18   1000   FixedEmbeddingComposite   0.003   -20.0   44   204   2.787540117933894   majority_vote   7218.3837890625   6198.3442306518555      167.18   0.02   0.12664   182.94477   2.15823   15.76477   0.02054   2.803   2.803
10   18   1000   FixedEmbeddingComposite   0.001   -20.0   44   186   2.787540117933894   majority_vote   8772.753238677979   7873.215436935425      136.58   0.02   0.09604000000000001   152.34197   2.37903   15.76197   0.02054   2.832   2.832
10   18   1000   FixedEmbeddingComposite   0.0   -18.0   44   205   2.787540117933894   majority_vote   7047.969341278076   5103.594064712524      173.28   0.02   0.13274000000000002   189.04117000000002   1.82883   15.76117   0.02054   1.219   1.219
10   18   1000   FixedEmbeddingComposite   0.008   -20.0   44   201   2.787540117933894   majority_vote   7013.690710067749   6103.230714797974      134.64000000000001   0.02   0.0941   150.40317000000002   1.42683   15.76317   0.02054   2.326   2.326
10   18   1000   FixedEmbeddingComposite   0.006   -20.0   44   184   2.787540117933894   majority_vote   11950.004577636719   11037.375688552856      149.56   0.02   0.10901999999999999   165.32357000000002   1.43843   15.76357   0.02054   1.305   1.305
10   18   1000   FixedEmbeddingComposite   0.002   -20.0   44   200   2.787540117933894   majority_vote   5805.863380432129   4731.803178787231      144.54   0.02   0.10400000000000001   160.30197   3.46503   15.76197   0.02054   1.235   1.235
9   16   1000   FixedEmbeddingComposite   0.012   -18.0   38   139   2.7140736521829476   majority_vote   6281.126976013184   5321.619033813477      129.32   0.02   0.08878   145.08397   1.03003   15.76397   0.02054   1.242   1.242
9   16   1000   FixedEmbeddingComposite   0.029   -18.0   38   141   2.7140736521829476   majority_vote   5147.462844848633   4051.5668392181396      193.68   0.02   0.15314   209.44157   3.42443   15.76157   0.02054   0.891   0.891
9   16   1000   FixedEmbeddingComposite   0.019   -18.0   38   151   2.7140736521829476   majority_vote   5189.01252746582   4341.649770736694      117.12   0.02   0.07658   132.88277   3.93623   15.762770000000002   0.02054   1.06   1.06
9   16   1000   FixedEmbeddingComposite   0.047   -18.0   38   137   2.7140736521829476   majority_vote   8357.12742805481   7573.126792907715      104.2   0.02   0.06366   119.96397   3.5590300000000004   15.76397   0.02054   1.44   1.44
9   16   1000   FixedEmbeddingComposite   0.028   -18.0   38   153   2.7140736521829476   majority_vote   4889.471054077148   3949.331045150757      122.14   0.02   0.08159999999999999   137.90437   1.95863   15.764370000000001   0.02054   1.233   1.233
8   14   1000   FixedEmbeddingComposite   0.291   -16.0   26   66   2.2698655670122165   majority_vote   3477.6906967163086   2678.9276599884033      113.18   0.02   0.07264   128.94317   1.42283   15.76317   0.02054   2.378   2.378
8   14   1000   FixedEmbeddingComposite   0.292   -16.0   26   67   2.2698655670122165   majority_vote   3530.043840408325   2652.72855758667      123.76   0.02   0.08322   139.52397   7.5950299999999995   15.76397   0.02054   2.319   2.319
8   14   1000   FixedEmbeddingComposite   0.236   -16.0   26   62   2.2698655670122165   majority_vote   3414.3621921539307   2547.884702682495      161.74   0.02   0.1212   177.50357000000002   2.84243   15.76357   0.02054   1.972   1.972
8   14   1000   FixedEmbeddingComposite   0.393   -16.0   26   66   2.2698655670122165   majority_vote   3876.443386077881   3023.1597423553467      135.62   0.02   0.09508   151.38277   2.7532300000000003   15.762770000000002   0.02054   0.637   0.637
8   14   1000   FixedEmbeddingComposite   0.389   -16.0   26   66   2.2698655670122165   majority_vote   3675.292730331421   2809.0124130249023      154.26   0.02   0.11372   170.02437   2.15063   15.764370000000001   0.02054   0.603   0.603
7   12   1000   FixedEmbeddingComposite   0.781   -14.0   21   43   2.0927563960799005   majority_vote   3706.1665058135986   2854.2051315307617      119.66   0.02   0.07912000000000001   135.42317000000003   1.47383   15.76317   0.02054   0.857   0.857
7   12   1000   FixedEmbeddingComposite   0.624   -14.0   21   49   2.0927563960799005   majority_vote   2831.8893909454346   1951.7021179199219      197.42000000000002   0.02   0.15688   213.18277   2.57323   15.762770000000002   0.02054   2.058   2.058
7   12   1000   FixedEmbeddingComposite   0.79   -14.0   21   44   2.0927563960799005   majority_vote   2934.99493598938   2107.757568359375      162.20000000000002   0.02   0.12166   177.96397000000002   0.95703   15.76397   0.02054   0.331   0.331
7   12   1000   FixedEmbeddingComposite   0.776   -14.0   21   46   2.0927563960799005   majority_vote   2880.5031776428223   2097.510814666748      109.74000000000001   0.02   0.0692   125.50317   2.76983   15.76317   0.02054   0.328   0.328
7   12   1000   FixedEmbeddingComposite   0.694   -14.0   21   46   2.0927563960799005   majority_vote   2964.3874168395996   2123.509645462036      149.26   0.02   0.10872   165.02276999999998   3.47623   15.762770000000002   0.02054   0.623   0.623
6   10   1000   FixedEmbeddingComposite   0.823   -12.0   16   31   1.9361992407807622   majority_vote   2608.6111068725586   1861.2217903137207      110.88   0.02   0.07034   126.64277000000001   2.9872300000000003   15.762770000000002   0.02054   0.559   0.559
6   10   1000   FixedEmbeddingComposite   0.889   -12.0   16   27   1.9361992407807622   majority_vote   2731.2047481536865   1853.9576530456543      119.08   0.02   0.07854000000000001   134.84277   0.86123   15.762770000000002   0.02054   2.037   2.037
6   10   1000   FixedEmbeddingComposite   0.894   -12.0   16   25   1.9361992407807622   majority_vote   2724.00164604187   1959.1553211212158      130.82   0.02   0.09028   146.58317000000002   2.53483   15.76317   0.02054   2.138   2.138
6   10   1000   FixedEmbeddingComposite   0.891   -12.0   16   26   1.9361992407807622   majority_vote   2569.9260234832764   1779.6084880828857      120.5   0.02   0.07995999999999999   136.26317   1.28783   15.76317   0.02054   0.42   0.42
6   10   1000   FixedEmbeddingComposite   0.905   -12.0   16   28   1.9361992407807622   majority_vote   2767.116069793701   2043.2860851287842      87.32000000000001   0.02   0.04678   103.08277000000001   3.37223   15.762770000000002   0.02054   0.846   0.846
5   8   1000   FixedEmbeddingComposite   0.951   -10.0   11   13   1.6784906098256038   majority_vote   2655.2083492279053   1841.043472290039      114.7   0.02   0.07416   130.46317   3.03683   15.76317   0.02054   3.791   3.791
5   8   1000   FixedEmbeddingComposite   0.978   -10.0   11   13   1.6784906098256038   majority_vote   2651.6692638397217   1847.383975982666      151.42000000000002   0.02   0.11087999999999999   167.18277   1.34823   15.762770000000002   0.02054   0.273   0.273
5   8   1000   FixedEmbeddingComposite   0.981   -10.0   11   13   1.6784906098256038   majority_vote   2479.214668273926   1732.2516441345215      91.9   0.02   0.05136   107.66317   3.14283   15.76317   0.02054   2.1310000000000002   2.1310000000000002
5   8   1000   FixedEmbeddingComposite   0.977   -10.0   11   13   1.6784906098256038   majority_vote   2735.6338500976562   1885.8447074890137      114.7   0.02   0.07416   130.46317   2.64683   15.76317   0.02054   0.26   0.26
5   8   1000   FixedEmbeddingComposite   0.985   -10.0   11   13   1.6784906098256038   majority_vote   2543.909788131714   1769.8595523834229      102.94   0.02   0.0624   118.70237   3.2086300000000003   15.76237   0.02054   2.164   2.164
4   6   1000   FixedEmbeddingComposite   1.0   -8.0   8   8   1.414   majority_vote   2595.829486846924   1770.8613872528076      136.0   0.02   0.09545999999999999   151.76277   2.38723   15.762770000000002   0.02054   0.5700000000000001   0.5700000000000001
4   6   1000   FixedEmbeddingComposite   1.0   -8.0   8   8   1.414   majority_vote   2451.371431350708   1725.799798965454      96.56   0.02   0.05602000000000001   112.32236999999999   0.85763   15.76237   0.02054   0.628   0.628
4   6   1000   FixedEmbeddingComposite   0.998   -8.0   8   8   1.414   majority_vote   2596.751928329468   1822.5464820861816      124.16   0.02   0.08362   139.92276999999999   2.98023   15.762770000000002   0.02054   2.105   2.105
4   6   1000   FixedEmbeddingComposite   1.0   -8.0   8   8   1.414   majority_vote   2659.291982650757   1819.7052478790283      135.52   0.02   0.09498000000000001   151.28277   7.6072299999999995   15.762770000000002   0.02054   0.302   0.302
4   6   1000   FixedEmbeddingComposite   1.0   -8.0   8   8   1.414   majority_vote   2407.921075820923   1699.8164653778076      102.8   0.02   0.062259999999999996   118.56277   0.8782300000000001   15.762770000000002   0.02054   0.799   0.799
