n   d   num_itr   sp_name   p_sol   energy   variables   qubits   chain_strength   chain_break_method   py_time   embedding_time   qpu_sampling_time   qpu_anneal_time_per_sample   qpu_readout_time_per_sample   qpu_access_time   qpu_access_overhead_time   qpu_programming_time   qpu_delay_time_per_sample   total_post_processing_time   post_processing_overhead_time
7   8   200   EmbeddingComposite   0.0   -10.0   49   286   3.116304221349385   majority_vote   6481.628417968751868.8993453979492      19.088   0.02   0.0549   34.84837   1.67063   15.760370000000002   0.02054   1.016   1.016
7   8   400   EmbeddingComposite   0.0   -12.0   49   263   3.116304221349385   majority_vote   22535.944700241091875.6115436553955      39.68   0.02   0.05866   55.43997   1.75403   15.75997   0.02054   4.055   4.055
7   8   600   EmbeddingComposite   0.0   -12.0   49   252   3.116304221349385   majority_vote   26635.0326538085942078.632354736328      103.164   0.02   0.13140000000000002   118.92636999999999   3.44063   15.76237   0.02054   2.493   2.493
7   8   1000   EmbeddingComposite   0.0   -12.0   49   268   3.116304221349385   majority_vote   10461.8003368377691988.4541034698486      175.72   0.02   0.13518000000000002   191.48117000000002   1.2508299999999999   15.76117   0.02054   1.667   1.667
7   7   200   EmbeddingComposite   0.0   -12.0   49   262   3.116304221349385   majority_vote   10155.3614139556882166.320323944092      27.080000000000002   0.02   0.09486   42.835570000000004   0.76643   15.75557   0.02054   0.862   0.862
7   7   600   EmbeddingComposite   0.0   -12.0   49   272   3.116304221349385   majority_vote   8678.5049438476561953.540325164795      79.272   0.02   0.09158   95.03117   0.93183   15.759170000000001   0.02054   0.9440000000000001   0.9440000000000001
7   7   1000   EmbeddingComposite   0.001   -14.0   49   290   3.116304221349385   majority_vote   7017.2891616821291947.4923610687256      152.26   0.02   0.11172   168.01837   3.3936300000000004   15.758370000000001   0.02054   1.862   1.862
7   6   600   EmbeddingComposite   0.008333333333333333   -14.0   49   288   3.116304221349385   majority_vote   8253.1995773315431794.5835590362549      79.008   0.02   0.09114   94.76677000000001   1.55823   15.75877   0.02054   1.537   1.537
7   5   200   EmbeddingComposite   0.0   -12.0   49   260   3.116304221349385   majority_vote   13476.4547348022461911.7443561553955      26.036   0.02   0.08964   41.79637   0.71863   15.760370000000002   0.02054   2.1390000000000002   2.1390000000000002
7   5   400   EmbeddingComposite   0.0   -12.0   49   290   3.116304221349385   majority_vote   9588.0947113037111821.2189674377441      71.992   0.02   0.13944   87.75117   2.6168299999999998   15.759170000000001   0.02054   1.137   1.137
7   5   600   EmbeddingComposite   0.005   -14.0   49   273   3.116304221349385   majority_vote   16383.9159011840821970.5810546875      81.48   0.02   0.09526000000000001   97.23917   0.90983   15.759170000000001   0.02054   3.3240000000000003   3.3240000000000003
7   4   400   EmbeddingComposite   0.005   -14.0   49   277   3.116304221349385   majority_vote   6400.76041221618651830.4555416107178      55.552   0.02   0.09834000000000001   71.31077   0.86323   15.75877   0.02054   2.391   2.391
7   4   600   EmbeddingComposite   0.0016666666666666668   -14.0   49   313   3.116304221349385   majority_vote   7853.4772396087651820.235252380371      105.324   0.02   0.135   121.08277000000001   2.5072300000000003   15.75877   0.02054   2.559   2.559
7   3   400   EmbeddingComposite   0.0   -12.0   49   289   3.116304221349385   majority_vote   5463.2377624511721707.597255706787      54.664   0.02   0.09612000000000001   70.42317   1.62083   15.759170000000001   0.02054   2.404   2.404
7   3   600   EmbeddingComposite   0.006666666666666667   -14.0   49   274   3.116304221349385   majority_vote   12974.8370647430421999.1986751556396      79.02   0.02   0.09116   94.77717   0.8498300000000001   15.75717   0.02054   1.025   1.025
7   2   400   EmbeddingComposite   0.0   -12.0   49   293   3.116304221349385   majority_vote   8816.393136978151782.6697826385498      41.928000000000004   0.02   0.06428   57.688370000000006   0.91363   15.760370000000002   0.02054   2.185   2.185
7   2   600   EmbeddingComposite   0.0   -12.0   49   278   3.116304221349385   majority_vote   15895.8084583282471865.5047416687012      76.524   0.02   0.08700000000000001   92.28437   1.8226300000000002   15.760370000000002   0.02054   1.6400000000000001   1.6400000000000001
7   2   600   EmbeddingComposite   0.005   -14.0   49   281   3.116304221349385   majority_vote   8635.2488994598391768.3570384979248      77.7   0.02   0.08896   93.45837   1.6876300000000002   15.758370000000001   0.02054   1.189   1.189
7   1   200   EmbeddingComposite   0.0   -10.0   49   299   3.116304221349385   majority_vote   6974.6482372283942131.8113803863525      26.232   0.02   0.09062   41.99197   3.09703   15.75997   0.02054   1.358   1.358
7   1   400   EmbeddingComposite   0.0025   -14.0   49   261   3.116304221349385   majority_vote   16687.5469684600831881.9854259490967      47.128   0.02   0.07728   62.88717   2.75783   15.759170000000001   0.02054   2.4250000000000003   2.4250000000000003
7   0   200   EmbeddingComposite   0.005   -14.0   49   292   3.116304221349385   majority_vote   8251.7018318176272119.2963123321533      30.412   0.02   0.11152   46.16957   0.66743   15.75757   0.02054   0.491   0.491
7   8   1000   EmbeddingComposite   0.001   -14.0   49   276   3.116304221349385   majority_vote   7753.957033157349   1768.5484886169434      163.58   0.02   0.12304000000000001   179.33677   3.36723   15.756770000000001   0.02054   2.971   2.971
