n   d   num_itr   sp_name   p_sol   energy   variables   qubits   chain_strength   chain_break_method   py_time   embedding_time   qpu_sampling_time   qpu_anneal_time_per_sample   qpu_readout_time_per_sample   qpu_access_time   qpu_access_overhead_time   qpu_programming_time   qpu_delay_time_per_sample   total_post_processing_time   post_processing_overhead_time
11   20   2000   EmbeddingComposite   0.0   -16.0   52   274   2.848321219460819   majority_vote   6342.6353931427   1741.302251815796      242.4   0.02   0.08066   258.32237   1.7966300000000002   15.92237   0.02054   1.649   1.649
11   20   3000   EmbeddingComposite   0.0   -20.0   52   248   2.848321219460819   majority_vote   10793.886661529541   2101.2158393859863      363.78000000000003   0.02   0.08072   379.70317   1.68283   15.92317   0.02054   2.373   2.373
11   20   2000   EmbeddingComposite   0.0   -20.0   52   288   2.848321219460819   majority_vote   5741.0924434661865   1554.5310974121094      248.44   0.02   0.08368   264.36316999999997   0.8228300000000001   15.92317   0.02054   1.6560000000000001   1.6560000000000001
11   20   3000   EmbeddingComposite   0.0   -18.0   52   263   2.848321219460819   majority_vote   9482.11646080017   1722.4745750427246      367.56   0.02   0.08198000000000001   383.48357000000004   3.01743   15.92357   0.02054   2.606   2.606
11   20   4000   EmbeddingComposite   0.0   -16.0   52   290   2.848321219460819   majority_vote   7704.687833786011   1533.6089134216309      600.8000000000001   0.02   0.10966   616.7231700000001   2.85683   15.92317   0.02054   2.716   2.716
11   20   5000   EmbeddingComposite   0.0002   -22.0   52   252   2.848321219460819   majority_vote   14893.636226654053   1728.234052658081      725.7   0.02   0.1046   741.62357   2.22743   15.92357   0.02054   2.485   5.381
11   20   3000   EmbeddingComposite   0.0   -18.0   52   261   2.848321219460819   majority_vote   8446.048259735107   1611.5243434906006      366.6   0.02   0.08166   382.52237   1.2606300000000001   15.92237   0.02054   4.095   4.095
11   20   5000   EmbeddingComposite   0.0   -20.0   52   269   2.848321219460819   majority_vote   5521.640062332153   1643.7277793884277      538.1   0.02   0.06708   554.02357   2.70943   15.92357   0.02054   1.209   4.3950000000000005
11   20   1000   EmbeddingComposite   0.0   -18.0   52   254   2.848321219460819   majority_vote   6907.061576843262   1534.2743396759033      101.08   0.02   0.060540000000000004   117.00397000000001   1.48003   15.923969999999999   0.02054   2.498   2.498


10   18   1000   EmbeddingComposite   0.001   -20.0   44   208   2.787540117933894   majority_vote   3530.125617980957   1830.3837776184082      118.66   0.02   0.07812000000000001   134.58197   0.75503   15.92197   0.02054   4.527   4.527
10   18   1000   EmbeddingComposite   0.0   -18.0   44   211   2.787540117933894   majority_vote   4607.010126113892   1557.4555397033691      114.08   0.02   0.07354000000000001   130.00397   1.08803   15.923969999999999   0.02054   0.711   0.711
10   18   1000   EmbeddingComposite   0.0   -18.0   44   195   2.787540117933894   majority_vote   7914.206266403198   1575.96755027771      93.7   0.02   0.05316   109.62357000000002   1.5204300000000002   15.92357   0.02054   3.987   3.987
10   18   1000   EmbeddingComposite   0.001   -20.0   44   190   2.787540117933894   majority_vote   6089.719772338867   1533.8990688323975      106.08   0.02   0.06554   122.00277000000001   0.8872300000000001   15.922770000000002   0.02054   0.715   0.715
10   18   1000   EmbeddingComposite   0.001   -20.0   44   211   2.787540117933894   majority_vote   5168.697118759155   1537.9219055175781      113.96000000000001   0.02   0.07342   129.88437   0.73163   15.924370000000001   0.02054   2.3890000000000002   2.3890000000000002
10   18   1000   EmbeddingComposite   0.005   -20.0   44   208   2.787540117933894   majority_vote   4591.9764041900635   1753.9432048797607      113.62   0.02   0.07308   129.54357000000002   0.54643   15.92357   0.02054   0.6980000000000001   0.6980000000000001
10   18   1000   EmbeddingComposite   0.001   -20.0   44   198   2.787540117933894   majority_vote   6451.451063156128   1601.3665199279785      105.98   0.02   0.06544   121.90077000000001   2.52623   15.920770000000001   0.02054   0.915   0.915

9   13   1000   EmbeddingComposite   0.001   -18.0   43   177   2.731823898781451   majority_vote   8341.699361801147   1599.1404056549072      91.08   0.02   0.05054   107.00317   1.04783   15.92317   0.02054   0.673   0.673
9   13   1000   EmbeddingComposite   0.007   -18.0   43   194   2.731823898781451   majority_vote   9042.452573776245   2398.3795642852783      150.84   0.02   0.1103   166.76277   1.45723   15.922770000000002   0.02054   2.437   2.437
9   13   1000   EmbeddingComposite   0.0   -16.0   43   187   2.731823898781451   majority_vote   9977.242469787598   2299.6249198913574      156.1   0.02   0.11556000000000001   172.02157   0.82343   15.921570000000001   0.02054   2.343   2.343
9   13   1000   EmbeddingComposite   0.001   -18.0   43   180   2.731823898781451   majority_vote   13247.965097427368   2340.778112411499      96.96000000000001   0.02   0.056420000000000005   112.88317   0.5838300000000001   15.92317   0.02054   1.34   1.34
9   13   1000   EmbeddingComposite   0.001   -18.0   43   190   2.731823898781451   majority_vote   8678.208112716675   2636.7123126983643      115.3   0.02   0.07476000000000001   131.22197   0.77303   15.92197   0.02054   0.986   0.986
9   13   1000   EmbeddingComposite   0.001   -18.0   43   215   2.731823898781451   majority_vote   6270.686864852905   2412.7440452575684      119.8   0.02   0.07926000000000001   135.72157   2.42443   15.921570000000001   0.02054   0.6980000000000001   0.6980000000000001

8   11   1000   EmbeddingComposite   0.003   -16.0   36   124   2.592333333333333   majority_vote   3413.1133556365967   1723.3023643493652      100.60000000000001   0.02   0.06006   116.52317000000001   1.68383   15.92317   0.02054   0.582   0.582
8   11   1000   EmbeddingComposite   0.037   -16.0   36   125   2.592333333333333   majority_vote   4484.9653244018555   1531.6367149353027      105.62   0.02   0.06508   121.54157000000001   0.8844299999999999   15.921570000000001   0.02054   2.226   2.226
8   11   1000   EmbeddingComposite   0.081   -16.0   36   124   2.592333333333333   majority_vote   3656.1214923858643   1601.362943649292      108.74000000000001   0.02   0.06820000000000001   124.66237   0.99263   15.92237   0.02054   3.8160000000000003   3.8160000000000003
8   11   1000   EmbeddingComposite   0.049   -16.0   36   129   2.592333333333333   majority_vote   3200.7741928100586   1816.1532878875732      109.62   0.02   0.06908   125.54157000000001   0.95243   15.921570000000001   0.02054   1.23   1.23
8   11   1000   EmbeddingComposite   0.012   -16.0   36   126   2.592333333333333   majority_vote   3662.2040271759033   1615.844488143921      101.24000000000001   0.02   0.060700000000000004   117.16436999999999   0.95963   15.924370000000001   0.02054   2.224   2.224

7   12   1000   EmbeddingComposite   0.731   -14.0   21   45   2.0927563960799005   majority_vote   2348.787546157837   1889.8873329162598      103.46000000000001   0.02   0.06292   119.38237   0.77763   15.92237   0.02054   0.40700000000000003   0.40700000000000003
7   12   1000   EmbeddingComposite   0.702   -14.0   21   46   2.0927563960799005   majority_vote   2090.9717082977295   1654.2387008666992      92.98   0.02   0.05244   108.90277   1.82223   15.922770000000002   0.02054   1.877   1.877
7   12   1000   EmbeddingComposite   0.586   -14.0   21   47   2.0927563960799005   majority_vote   1925.3323078155518   1573.3234882354736      89.48   0.02   0.04894   105.40317   1.26783   15.92317   0.02054   1.401   1.401
7   12   1000   EmbeddingComposite   0.559   -14.0   21   48   2.0927563960799005   majority_vote   1908.3433151245117   1584.3431949615479      100.68   0.02   0.06014   116.60277   1.11323   15.922770000000002   0.02054   0.548   0.548
7   12   1000   EmbeddingComposite   0.599   -14.0   21   50   2.0927563960799005   majority_vote   1909.6579551696777   1554.7549724578857      100.18   0.02   0.05964   116.10157000000001   0.41343   15.921570000000001   0.02054   1.115   1.115

6   10   1000   EmbeddingComposite   0.879   -12.0   16   26   1.9361992407807622   majority_vote   1827.6243209838867   1594.161033630371      89.5   0.02   0.048960000000000004   105.42197   0.35302999999999995   15.92197   0.02054   1.21   1.21
6   10   1000   EmbeddingComposite   0.806   -12.0   16   27   1.9361992407807622   majority_vote   1788.4738445281982   1564.0146732330322      92.24   0.02   0.0517   108.16197   1.07903   15.92197   0.02054   0.234   0.234
6   10   1000   EmbeddingComposite   0.808   -12.0   16   29   1.9361992407807622   majority_vote   1782.2368144989014   1592.914342880249      96.32000000000001   0.02   0.05578   112.24197000000001   2.58203   15.92197   0.02054   0.21   0.21
6   10   1000   EmbeddingComposite   0.826   -12.0   16   27   1.9361992407807622   majority_vote   1751.8932819366455   1580.5749893188477      98.5   0.02   0.057960000000000005   114.42157   0.80643   15.921570000000001   0.02054   1.798   1.798
6   10   1000   EmbeddingComposite   0.779   -12.0   16   28   1.9361992407807622   majority_vote   1822.3414421081543   1612.022876739502      92.34   0.02   0.0518   108.26237   0.43463   15.92237   0.02054   0.20500000000000002   0.20500000000000002

5   8   1000   EmbeddingComposite   0.967   -10.0   11   13   1.6784906098256038   majority_vote   1706.5708637237549   1593.4972763061523      83.4   0.02   0.04286   99.32197000000001   0.37303   15.92197   0.02054   1.728   1.728
5   8   1000   EmbeddingComposite   0.979   -10.0   11   13   1.6784906098256038   majority_vote   1840.5137062072754   1718.5444831848145      98.16   0.02   0.05762   114.08237   1.17463   15.92237   0.02054   0.15   0.15
5   8   1000   EmbeddingComposite   0.977   -10.0   11   13   1.6784906098256038   majority_vote   1680.5126667022705   1555.873155593872      97.8   0.02   0.05726   113.72277000000001   0.37423   15.922770000000002   0.02054   0.197   0.197
5   8   1000   EmbeddingComposite   0.983   -10.0   11   14   1.6784906098256038   majority_vote   1708.2931995391846   1591.1643505096436      85.2   0.02   0.04466   101.12237   0.36763   15.92237   0.02054   0.224   0.224
5   8   1000   EmbeddingComposite   0.952   -10.0   11   13   1.6784906098256038   majority_vote   1867.131233215332   1748.952865600586      85.8   0.02   0.04526   101.72237   0.38063   15.92237   0.02054   0.195   0.195

4   6   1000   EmbeddingComposite   0.999   -8.0   8   8   1.414   majority_vote   1790.6663417816162   1704.833745956421      77.74   0.02   0.037200000000000004   93.66237   0.63563   15.92237   0.02054   0.777   0.777
4   6   1000   EmbeddingComposite   0.991   -8.0   8   8   1.414   majority_vote   1731.0035228729248   1633.6321830749512      87.82000000000001   0.02   0.04728   103.74277000000001   0.59623   15.922770000000002   0.02054   3.503   3.503
4   6   1000   EmbeddingComposite   1.0   -8.0   8   8   1.414   majority_vote   1733.799695968628   1647.8996276855469      93.7   0.02   0.05316   109.62237   0.47763   15.92237   0.02054   0.307   0.307
4   6   1000   EmbeddingComposite   1.0   -8.0   8   8   1.414   majority_vote   1691.1828517913818   1602.5054454803467      76.68   0.02   0.03614   92.60237   0.6766300000000001   15.92237   0.02054   1.733   1.733
4   6   1000   EmbeddingComposite   0.999   -8.0   8   8   1.414   majority_vote   1698.4672546386719   1611.3066673278809      77.9   0.02   0.03736   93.82236999999999   2.21063   15.92237   0.02054   1.729   1.729

10   18   1000   EmbeddingComposite   0.0   -18.0   44   208   2.787540117933894   majority_vote   6405.341386795044   2127.671957015991      93.3   0.02   0.05276   109.22597   1.54103   15.92597   0.02054   1.102   1.102
10   18   1000   EmbeddingComposite   0.001   -20.0   44   194   2.787540117933894   majority_vote   8806.251287460327   2217.144727706909      98.94   0.02   0.0584   114.86677   1.76623   15.926770000000001   0.02054   1.7530000000000001   1.7530000000000001
10   18   1000   EmbeddingComposite   0.0   -18.0   44   207   2.787540117933894   majority_vote   10459.066390991211   2077.165365219116      144.78   0.02   0.10424   160.70917000000003   1.6058299999999999   15.929170000000001   0.02054   1.374   1.374
10   18   1000   EmbeddingComposite   0.0   -18.0   44   199   2.787540117933894   majority_vote   5983.785629272461   1968.6708450317383      119.60000000000001   0.02   0.07906   135.52557000000002   2.4354299999999998   15.92557   0.02054   2.4250000000000003   2.4250000000000003
10   18   1000   EmbeddingComposite   0.001   -20.0   44   186   2.787540117933894   majority_vote   12000.510454177856   2165.3127670288086      117.52   0.02   0.07698   133.44357000000002   1.1294300000000002   15.92357   0.02054   2.359   2.359
10   18   1000   EmbeddingComposite   0.001   -20.0   44   185   2.787540117933894   majority_vote   10042.539119720459   2087.7130031585693      109.22   0.02   0.06868   125.14677   1.39923   15.926770000000001   0.02054   2.2640000000000002   2.2640000000000002
10   18   1000   EmbeddingComposite   0.002   -20.0   44   203   2.787540117933894   majority_vote   12322.574138641357   2121.6037273406982      144.26   0.02   0.10372   160.18597   0.66103   15.92597   0.02054   2.403   2.403
10   18   1000   EmbeddingComposite   0.001   -20.0   44   195   2.787540117933894   majority_vote   10039.04938697815   2101.4552116394043      149.1   0.02   0.10856   165.02477   0.55323   15.92477   0.02054   0.598   0.598

9   13   1000   EmbeddingComposite   0.003   -18.0   43   178   2.731823898781451   majority_vote   9373.112678527832   2496.864080429077      149.04   0.02   0.1085   164.96517000000003   0.53683   15.92517   0.02054   0.655   0.655
9   13   1000   EmbeddingComposite   0.003   -18.0   43   187   2.731823898781451   majority_vote   7311.760425567627   2204.705238342285      138.5   0.02   0.09795999999999999   154.42637   1.06163   15.92637   0.02054   0.773   0.773
9   13   1000   EmbeddingComposite   0.001   -18.0   43   182   2.731823898781451   majority_vote   33600.91495513916   3414.1809940338135      149.38   0.02   0.10884   165.30717   1.26583   15.92717   0.02054   2.028   2.028
9   13   1000   EmbeddingComposite   0.002   -18.0   43   188   2.731823898781451   majority_vote   11083.977937698364   2219.233274459839      99.96000000000001   0.02   0.05942   115.88797000000001   1.93803   15.92797   0.02054   0.651   0.651
9   13   1000   EmbeddingComposite   0.001   -18.0   43   174   2.731823898781451   majority_vote   9818.185329437256   2202.1493911743164      143.94   0.02   0.1034   159.86637   1.09363   15.92637   0.02054   0.795   0.795