     2  5 12 14 15 17 18 22 24 25 27 30 34 35 37 38 ... 118 energy num_oc. ...
0    0  1  1  0  0  0  0  0  0  0  0  1  0  0  1  0 ...   0  -20.0       1 ...
6    0  1  0  0  0  0  0  0  0  0  0  1  0  0  1  0 ...   0  -18.0       1 ...
1    0  1  0  0  0  0  0  0  0  0  0  1  1  0  0  0 ...   0  -16.0       1 ...
2    1  0  0  0  0  0  0  0  0  0  0  1  1  0  0  0 ...   0  -16.0       1 ...
3    0  1  0  0  0  0  0  0  0  0  0  1  0  0  1  0 ...   0  -16.0       1 ...
4    0  1  0  0  0  0  0  0  0  0  0  1  1  0  0  0 ...   0  -16.0       1 ...
5    0  0  1  0  0  0  0  0  0  0  0  1  0  0  1  0 ...   0  -16.0       1 ...
7    1  0  0  0  0  0  0  0  0  0  0  1  0  0  1  0 ...   0  -16.0       1 ...
8    0  1  1  0  0  0  0  0  0  0  0  1  0  0  0  0 ...   0  -16.0       1 ...
9    0  1  0  0  0  0  1  1  0  0  0  0  1  0  0  0 ...   0  -16.0       1 ...
13   0  1  0  0  0  0  0  1  0  0  0  1  0  0  1  0 ...   0  -16.0       1 ...
95   1  0  0  0  0  0  0  0  0  0  0  1  0  0  1  0 ...   0  -16.0       1 ...
103  0  0  0  0  1  0  0  0  0  0  0  0  1  0  0  0 ...   0  -16.0       1 ...
125  0  0  0  1  0  0  0  0  0  0  1  0  0  0  0  0 ...   1  -16.0       1 ...
10   0  1  1  0  0  0  0  0  0  0  0  0  0  0  0  0 ...   0  -14.0       1 ...
11   1  0  0  0  0  0  0  0  0  0  0  1  1  0  0  0 ...   0  -14.0       1 ...
12   0  0  1  0  0  0  0  0  0  0  1  0  0  1  0  0 ...   1  -14.0       1 ...
14   1  0  0  0  0  0  0  0  0  0  0  0  1  0  0  0 ...   0  -14.0       1 ...
15   1  0  0  0  0  1  0  0  0  0  0  1  1  0  0  0 ...   0  -14.0       1 ...
16   0  0  0  1  0  0  0  0  0  0  1  0  0  1  0  0 ...   1  -14.0       1 ...
17   0  0  0  0  1  0  0  1  0  0  0  1  0  0  0  1 ...   0  -14.0       1 ...
18   1  0  0  0  0  0  1  0  0  0  0  0  0  0  1  0 ...   0  -14.0       1 ...
19   0  1  0  0  0  0  0  1  0  0  0  0  0  0  0  0 ...   0  -14.0       1 ...
20   0  1  0  1  0  0  0  0  0  0  0  0  0  0  0  0 ...   1  -14.0       1 ...
21   0  0  1  0  0  0  0  0  0  0  1  0  0  0  0  0 ...   1  -14.0       1 ...
22   0  1  1  0  0  0  0  0  0  0  0  0  0  0  0  1 ...   0  -14.0       1 ...
23   1  0  0  0  0  0  1  0  0  0  0  0  0  0  1  0 ...   1  -14.0       1 ...
24   0  1  1  0  0  0  0  0  0  0  0  0  0  0  0  1 ...   1  -14.0       1 ...
25   0  1  0  0  0  0  0  0  0  0  0  1  1  0  0  0 ...   0  -14.0       1 ...
26   0  1  1  0  0  0  0  0  1  0  0  1  0  0  1  0 ...   0  -14.0       1 ...
27   0  0  0  0  0  0  1  0  0  0  1  0  0  0  0  0 ...   1  -14.0       1 ...
28   0  1  0  0  0  0  0  0  0  0  0  0  0  0  1  0 ...   1  -14.0       1 ...
29   0  1  1  0  0  0  0  0  0  0  0  0  0  0  0  0 ...   0  -14.0       1 ...
30   1  0  0  0  0  0  1  0  0  0  0  0  0  0  1  0 ...   1  -14.0       1 ...
31   0  1  1  0  0  0  0  0  0  0  0  1  1  0  1  0 ...   0  -14.0       1 ...
32   1  0  0  0  0  0  1  0  0  0  0  0  1  0  0  0 ...   0  -14.0       1 ...
33   1  0  0  0  0  1  0  0  0  0  0  0  1  0  0  0 ...   0  -14.0       1 ...
34   0  1  0  0  0  0  0  0  0  0  0  1  0  0  1  0 ...   0  -14.0       1 ...
35   0  1  1  0  0  0  0  0  0  0  0  1  0  0  1  0 ...   0  -14.0       1 ...
36   0  0  1  1  0  0  0  0  0  0  0  0  0  1  0  0 ...   1  -14.0       1 ...
37   0  0  1  0  0  0  0  0  0  0  1  1  0  1  0  0 ...   0  -14.0       1 ...
38   0  1  0  0  0  0  0  0  0  0  0  1  1  0  0  0 ...   0  -14.0       1 ...
39   0  0  0  0  0  1  0  0  0  0  0  1  0  1  0  0 ...   0  -14.0       1 ...
42   0  1  0  1  0  0  0  0  0  0  0  1  0  0  0  0 ...   1  -14.0       1 ...
43   0  1  0  1  0  0  0  1  0  0  0  1  0  0  0  0 ...   0  -14.0       1 ...
44   0  1  0  0  0  0  0  1  0  0  0  0  0  0  0  0 ...   0  -14.0       1 ...
51   0  1  1  0  0  0  0  0  0  0  1  0  0  0  0  0 ...   0  -14.0       1 ...
52   0  1  1  0  0  0  0  0  0  0  0  1  0  1  0  0 ...   0  -14.0       1 ...
93   1  0  0  0  0  0  1  0  0  0  0  0  0  1  0  0 ...   1  -14.0       1 ...
96   1  0  0  0  0  1  0  0  0  1  0  0  0  0  0  0 ...   0  -14.0       1 ...
97   1  0  0  0  0  0  0  0  0  0  1  0  0  0  0  0 ...   0  -14.0       1 ...
104  1  0  0  0  0  1  1  0  0  1  0  0  0  0  0  0 ...   1  -14.0       1 ...
106  1  0  0  0  0  1  0  0  0  1  0  0  1  0  0  0 ...   0  -14.0       1 ...
123  1  0  0  0  0  0  1  0  0  0  0  0  0  0  1  0 ...   1  -14.0       1 ...
133  0  0  0  1  0  0  0  0  0  0  1  0  0  1  0  0 ...   1  -14.0       1 ...
207  0  1  0  0  0  0  1  0  0  0  0  0  0  0  0  0 ...   0  -14.0       1 ...
215  0  1  1  0  0  0  0  0  0  0  0  1  0  0  1  0 ...   0  -14.0       1 ...
230  0  1  1  0  0  0  0  0  0  0  0  0  0  1  0  0 ...   0  -14.0       1 ...
237  1  1  0  0  0  0  1  0  0  0  0  0  1  0  0  0 ...   0  -14.0       1 ...
355  1  0  0  0  0  0  1  0  0  0  0  0  0  0  0  0 ...   1  -14.0       1 ...
40   0  0  0  0  0  1  0  1  0  0  0  0  0  0  0  0 ...   0  -12.0       1 ...
41   0  1  0  0  0  0  1  0  0  0  0  0  0  0  1  0 ...   0  -12.0       1 ...
47   1  0  0  0  0  0  1  0  0  0  0  0  0  0  0  0 ...   0  -12.0       1 ...
48   0  0  0  0  0  0  1  1  0  0  0  0  0  0  1  0 ...   0  -12.0       1 ...
49   1  0  1  0  0  0  0  0  0  0  0  0  0  0  0  0 ...   0  -12.0       1 ...
50   1  0  0  0  1  0  0  0  0  0  0  1  1  0  0  0 ...   0  -12.0       1 ...
53   0  0  1  0  0  0  0  0  0  1  0  0  0  0  1  0 ...   1  -12.0       1 ...
54   1  0  0  0  0  0  1  0  0  0  1  0  0  1  0  0 ...   0  -12.0       1 ...
55   1  0  0  0  0  0  0  0  0  0  1  0  1  0  0  0 ...   0  -12.0       1 ...
56   0  0  1  0  0  0  0  0  0  0  1  0  0  0  0  0 ...   1  -12.0       1 ...
57   0  0  0  0  0  1  0  1  0  0  0  0  0  0  0  0 ...   1  -12.0       1 ...
58   1  0  0  0  0  0  0  0  0  0  0  1  1  0  0  0 ...   0  -12.0       1 ...
59   0  0  0  0  0  0  0  0  0  1  0  0  1  0  0  0 ...   0  -12.0       1 ...
60   0  1  0  0  0  0  0  1  0  0  0  0  0  0  0  0 ...   0  -12.0       1 ...
61   0  1  0  0  0  0  0  0  0  0  0  0  1  0  0  0 ...   0  -12.0       1 ...
62   0  0  0  0  0  1  0  0  0  0  0  1  0  1  0  1 ...   0  -12.0       1 ...
63   0  0  1  0  0  0  0  0  0  0  0  1  0  0  0  1 ...   1  -12.0       1 ...
64   0  0  0  0  0  0  0  1  0  0  0  0  1  0  0  0 ...   0  -12.0       1 ...
65   1  0  0  0  0  1  0  0  0  0  0  1  1  0  0  0 ...   0  -12.0       1 ...
66   0  1  0  0  0  0  0  0  0  0  0  1  0  0  0  0 ...   0  -12.0       1 ...
67   0  1  1  0  0  0  0  0  0  0  0  1  0  0  1  0 ...   0  -12.0       1 ...
68   0  0  0  0  0  0  0  1  0  0  0  0  0  0  1  0 ...   0  -12.0       1 ...
69   0  0  0  0  0  0  0  1  0  0  0  0  0  0  0  0 ...   0  -12.0       1 ...
70   1  0  0  0  0  0  1  0  0  0  0  0  0  0  0  0 ...   0  -12.0       1 ...
71   1  0  0  0  0  1  0  0  0  0  0  0  0  0  0  0 ...   1  -12.0       1 ...
72   1  0  0  0  0  1  0  0  0  0  1  0  0  0  0  0 ...   1  -12.0       1 ...
73   0  0  1  0  0  0  0  0  0  0  0  0  0  0  0  1 ...   1  -12.0       1 ...
74   0  0  0  0  1  0  0  1  0  0  0  0  0  0  0  0 ...   0  -12.0       1 ...
75   1  0  0  0  0  0  0  0  0  0  0  0  0  0  1  0 ...   1  -12.0       1 ...
76   0  0  1  0  0  0  0  0  0  1  0  0  0  0  0  1 ...   1  -12.0       1 ...
77   0  1  0  1  0  0  0  0  0  0  0  1  0  0  0  0 ...   1  -12.0       1 ...
78   1  0  0  0  0  0  1  0  0  0  1  0  0  0  0  0 ...   1  -12.0       1 ...
79   0  0  0  0  0  0  1  0  0  1  0  0  0  0  0  0 ...   0  -12.0       1 ...
80   0  1  1  0  0  0  0  0  0  0  0  0  0  0  1  0 ...   0  -12.0       1 ...
81   0  1  1  1  0  0  0  0  0  0  0  1  0  0  0  0 ...   0  -12.0       1 ...
82   0  0  0  0  0  0  0  0  0  0  0  0  0  0  1  0 ...   1  -12.0       1 ...
83   1  0  0  0  0  0  1  0  1  0  0  0  0  0  0  0 ...   1  -12.0       1 ...
84   1  1  1  0  0  0  0  0  0  0  0  0  0  0  0  0 ...   1  -12.0       1 ...
85   1  0  0  0  0  1  0  0  0  1  0  0  0  0  0  0 ...   1  -12.0       1 ...
86   0  1  1  0  0  0  0  0  0  0  1  0  0  0  0  0 ...   1  -12.0       1 ...
87   0  1  1  0  0  0  0  0  1  0  0  0  0  0  0  0 ...   0  -12.0       1 ...
88   0  1  0  1  0  0  0  0  0  0  0  0  0  1  0  0 ...   1  -12.0       1 ...
89   1  0  0  0  0  0  1  0  1  0  0  0  0  0  0  0 ...   1  -12.0       1 ...
90   0  0  1  0  0  0  0  0  0  0  0  0  0  0  1  1 ...   1  -12.0       1 ...
91   0  0  1  0  0  0  0  0  0  0  0  0  0  0  0  1 ...   1  -12.0       1 ...
92   0  0  0  0  0  1  0  0  0  1  0  0  0  0  0  0 ...   1  -12.0       1 ...
98   0  0  1  0  0  0  0  0  0  0  0  1  0  1  0  0 ...   0  -12.0       1 ...
99   0  1  1  0  0  0  0  0  0  0  0  0  0  0  1  0 ...   0  -12.0       1 ...
101  1  0  0  0  0  0  1  0  0  0  1  0  0  0  0  0 ...   0  -12.0       1 ...
102  0  1  0  0  0  0  0  0  0  0  0  1  0  0  0  0 ...   0  -12.0       1 ...
107  0  1  1  0  0  0  0  0  0  0  0  0  0  0  0  0 ...   0  -12.0       1 ...
111  0  0  0  0  0  1  1  0  0  1  0  0  0  0  0  0 ...   0  -12.0       1 ...
112  0  1  0  0  0  0  0  1  0  0  0  0  1  0  0  0 ...   0  -12.0       1 ...
113  0  1  0  1  0  0  0  0  0  0  0  1  0  0  0  0 ...   1  -12.0       1 ...
114  0  1  0  0  0  0  0  1  0  0  0  0  0  0  1  0 ...   1  -12.0       1 ...
115  0  1  0  0  0  0  1  0  0  0  0  1  0  0  0  0 ...   0  -12.0       1 ...
116  0  1  0  1  0  0  0  0  0  0  0  1  0  0  0  0 ...   0  -12.0       1 ...
117  0  1  0  0  0  0  1  0  0  0  1  0  0  1  0  0 ...   0  -12.0       1 ...
118  0  1  0  1  0  0  0  0  0  0  0  1  0  1  0  0 ...   0  -12.0       1 ...
119  1  0  0  0  0  0  0  0  0  0  1  0  1  0  0  0 ...   0  -12.0       1 ...
120  0  0  0  0  0  0  0  1  0  0  0  0  0  1  0  0 ...   0  -12.0       1 ...
127  0  1  0  0  0  1  0  0  0  0  0  1  1  0  0  0 ...   0  -12.0       1 ...
128  1  0  0  0  0  0  1  0  0  1  0  0  0  0  0  0 ...   1  -12.0       1 ...
130  0  0  0  0  0  0  1  0  0  1  0  0  0  0  0  1 ...   1  -12.0       1 ...
132  0  0  1  0  0  0  0  0  0  0  0  1  0  1  0  0 ...   0  -12.0       1 ...
190  0  1  0  0  0  0  0  0  0  0  0  1  1  0  0  0 ...   0  -12.0       1 ...
193  0  0  0  0  0  0  0  0  1  0  0  0  0  0  1  0 ...   1  -12.0       1 ...
194  0  0  0  0  0  0  0  0  0  1  0  1  1  0  0  0 ...   0  -12.0       1 ...
197  0  0  0  0  1  0  0  0  0  0  1  0  1  0  0  0 ...   0  -12.0       1 ...
200  0  1  0  0  0  0  0  0  0  0  0  0  0  1  0  0 ...   1  -12.0       1 ...
201  0  1  0  0  0  0  0  0  0  0  0  1  1  0  0  0 ...   0  -12.0       1 ...
203  1  0  0  0  1  1  0  0  0  0  0  0  0  0  0  0 ...   1  -12.0       1 ...
206  1  0  0  0  1  0  0  0  0  0  0  0  1  0  0  0 ...   1  -12.0       1 ...
212  0  1  1  0  0  0  0  0  0  0  0  1  1  0  0  0 ...   0  -12.0       1 ...
213  0  1  1  0  0  0  1  0  0  0  0  0  0  0  0  0 ...   1  -12.0       1 ...
229  1  0  0  0  0  0  0  0  0  0  0  0  1  0  0  0 ...   0  -12.0       1 ...
238  0  0  0  0  0  1  0  0  0  0  0  0  0  1  0  0 ...   0  -12.0       1 ...
275  0  1  0  0  0  0  0  0  0  0  0  1  1  0  0  0 ...   0  -12.0       1 ...
282  0  1  1  0  0  0  0  0  0  0  0  1  0  0  0  0 ...   1  -12.0       1 ...
290  0  0  1  0  0  0  1  0  0  0  1  0  0  0  0  0 ...   1  -12.0       1 ...
295  0  1  0  0  0  0  0  0  0  0  0  1  0  0  0  0 ...   0  -12.0       1 ...
301  1  1  0  0  0  0  0  0  0  0  0  1  1  0  0  0 ...   0  -12.0       1 ...
302  1  0  0  0  0  0  1  0  0  0  0  0  1  0  0  0 ...   0  -12.0       1 ...
388  0  1  1  0  0  0  0  0  0  0  0  1  0  0  0  0 ...   0  -12.0       1 ...
397  0  0  0  0  0  0  0  0  1  0  0  0  0  0  0  1 ...   0  -12.0       1 ...
414  1  0  0  0  0  0  0  0  0  0  0  1  1  0  0  0 ...   0  -12.0       1 ...
438  1  0  0  0  0  0  1  0  0  0  0  0  1  0  0  0 ...   0  -12.0       1 ...
445  1  0  0  0  0  0  1  0  0  0  1  0  0  1  0  0 ...   1  -12.0       1 ...
457  0  0  0  0  0  1  0  0  0  0  0  0  1  0  0  0 ...   0  -12.0       1 ...
461  0  0  0  1  1  0  0  0  0  0  0  0  0  0  0  0 ...   1  -12.0       1 ...
478  0  0  0  0  1  0  0  0  0  0  0  0  0  0  0  1 ...   1  -12.0       1 ...
491  0  1  1  0  0  0  1  0  0  0  0  0  0  1  0  0 ...   0  -12.0       1 ...
45   0  1  0  0  0  0  0  0  0  0  0  1  1  1  0  0 ...   0  -10.0       1 ...
46   0  0  0  0  0  0  0  1  0  0  0  0  0  0  0  0 ...   0  -10.0       1 ...
94   1  0  0  0  1  1  0  0  0  0  0  1  1  0  0  0 ...   0  -10.0       1 ...
100  0  1  0  1  0  0  1  1  0  0  0  0  0  0  1  0 ...   0  -10.0       1 ...
105  0  0  0  0  0  0  1  0  0  0  1  0  1  0  0  0 ...   1  -10.0       1 ...
108  0  0  0  0  0  0  0  0  0  0  1  0  0  1  0  0 ...   0  -10.0       1 ...
109  1  0  0  0  0  0  0  0  0  0  0  0  0  0  0  0 ...   1  -10.0       1 ...
110  0  1  0  0  0  0  0  0  0  0  0  1  0  1  0  0 ...   0  -10.0       1 ...
121  0  0  0  1  0  0  0  0  0  0  0  0  0  0  1  0 ...   1  -10.0       1 ...
122  0  0  1  0  0  0  0  0  0  0  0  0  0  1  0  0 ...   1  -10.0       1 ...
126  1  0  1  0  0  0  0  0  0  0  1  0  0  0  1  0 ...   1  -10.0       1 ...
129  1  0  0  0  0  0  0  0  0  0  0  1  0  1  0  0 ...   0  -10.0       1 ...
134  0  1  0  0  0  0  0  1  0  0  0  0  0  0  0  0 ...   0  -10.0       1 ...
135  0  1  0  0  0  0  0  0  0  0  0  0  1  0  0  0 ...   0  -10.0       1 ...
136  1  0  0  0  0  1  0  0  0  1  0  0  1  0  0  0 ...   0  -10.0       1 ...
137  1  0  0  0  0  0  0  0  1  0  0  0  0  0  1  0 ...   0  -10.0       1 ...
138  0  1  1  0  0  0  0  0  0  0  0  1  0  0  0  0 ...   0  -10.0       1 ...
139  0  0  0  0  0  1  0  0  0  0  0  1  1  0  0  1 ...   0  -10.0       1 ...
140  1  0  0  0  0  0  1  0  1  0  0  0  0  0  0  0 ...   1  -10.0       1 ...
141  0  1  0  1  0  0  0  0  0  0  0  1  0  0  0  0 ...   1  -10.0       1 ...
142  1  0  0  0  0  0  1  0  0  0  1  0  0  0  0  0 ...   0  -10.0       1 ...
143  1  0  0  0  0  0  0  0  0  0  1  0  0  0  0  0 ...   1  -10.0       1 ...
144  0  0  0  0  1  0  0  0  1  0  0  1  0  0  0  1 ...   0  -10.0       1 ...
145  1  0  0  0  0  1  0  0  0  0  0  0  0  0  0  0 ...   0  -10.0       1 ...
146  0  1  0  0  0  0  0  0  0  0  0  1  1  0  0  0 ...   1  -10.0       1 ...
147  0  0  0  1  0  1  0  0  0  0  0  1  0  1  0  0 ...   1  -10.0       1 ...
148  0  0  0  1  0  0  0  0  0  0  1  0  0  1  0  0 ...   1  -10.0       1 ...
149  0  0  0  0  0  0  1  1  0  0  0  0  0  0  1  0 ...   0  -10.0       1 ...
150  0  1  1  0  0  0  1  0  0  0  0  1  0  0  1  0 ...   1  -10.0       1 ...
151  1  0  0  0  0  1  0  1  0  0  0  0  0  0  0  1 ...   0  -10.0       1 ...
152  0  0  0  0  0  0  0  0  0  0  0  0  0  0  0  1 ...   1  -10.0       1 ...
153  0  0  0  0  0  0  0  0  0  0  1  0  0  0  0  1 ...   1  -10.0       1 ...
154  1  0  0  0  0  0  0  0  0  0  0  0  0  0  0  0 ...   1  -10.0       1 ...
155  0  1  0  0  0  0  0  0  0  0  0  0  0  0  0  0 ...   1  -10.0       1 ...
156  0  0  0  1  0  0  0  0  0  0  0  0  0  0  0  0 ...   1  -10.0       1 ...
157  1  0  0  0  0  1  0  0  0  0  0  0  0  1  0  0 ...   1  -10.0       1 ...
158  0  0  0  0  1  0  0  0  0  0  0  0  1  0  0  0 ...   0  -10.0       1 ...
159  0  0  0  0  0  1  0  0  0  1  0  0  1  0  0  0 ...   0  -10.0       1 ...
160  0  1  1  0  0  0  0  0  0  0  0  0  1  0  0  0 ...   0  -10.0       1 ...
161  0  0  1  0  0  0  0  0  0  1  1  0  0  0  0  0 ...   0  -10.0       1 ...
162  1  0  1  0  0  0  0  0  0  0  1  0  0  0  0  0 ...   1  -10.0       1 ...
163  1  0  0  0  0  1  1  0  0  0  1  0  1  0  0  0 ...   0  -10.0       1 ...
164  0  0  0  0  1  1  0  0  0  0  0  0  0  0  0  0 ...   0  -10.0       1 ...
165  0  1  0  1  0  0  0  1  0  0  0  0  0  0  0  0 ...   0  -10.0       1 ...
166  1  1  0  0  0  0  1  0  0  0  0  0  0  0  0  0 ...   1  -10.0       1 ...
167  1  0  0  0  0  1  0  0  0  0  0  0  0  0  0  0 ...   0  -10.0       1 ...
168  0  0  0  0  0  0  0  0  1  0  0  0  0  0  0  1 ...   1  -10.0       1 ...
169  0  0  1  0  0  0  0  0  0  1  0  0  1  0  0  0 ...   0  -10.0       1 ...
170  1  0  0  0  0  0  1  0  0  0  0  0  1  0  0  0 ...   0  -10.0       1 ...
171  0  0  1  0  0  0  0  0  0  0  1  0  0  0  0  0 ...   1  -10.0       1 ...
172  1  0  0  0  0  0  0  0  0  1  0  0  0  0  0  0 ...   0  -10.0       1 ...
173  0  0  0  0  0  0  0  0  0  0  0  0  0  0  0  1 ...   1  -10.0       1 ...
174  0  1  1  0  0  0  0  0  0  0  0  0  0  0  0  0 ...   1  -10.0       1 ...
175  1  0  0  0  0  0  0  0  0  0  0  0  1  0  0  0 ...   1  -10.0       1 ...
176  0  0  0  0  0  0  1  1  0  0  1  0  1  1  0  0 ...   0  -10.0       1 ...
177  1  0  0  0  0  0  0  0  0  1  1  0  1  0  0  0 ...   1  -10.0       1 ...
178  1  1  0  0  0  0  1  0  0  0  0  1  0  0  0  0 ...   0  -10.0       1 ...
179  0  0  0  0  0  0  1  0  0  1  0  0  0  0  0  0 ...   1  -10.0       1 ...
180  1  0  0  0  0  1  0  0  0  0  0  0  0  0  1  0 ...   1  -10.0       1 ...
181  0  0  1  0  0  0  0  0  0  0  0  0  0  1  0  0 ...   1  -10.0       1 ...
182  0  0  0  0  0  1  0  0  1  0  0  0  0  0  0  0 ...   0  -10.0       1 ...
183  0  1  1  0  0  0  0  0  0  0  0  1  0  0  0  0 ...   1  -10.0       1 ...
184  0  0  0  0  0  1  0  0  0  0  0  1  0  1  0  0 ...   1  -10.0       1 ...
185  1  0  0  0  0  0  0  0  0  0  0  0  0  0  0  0 ...   1  -10.0       1 ...
186  0  1  0  0  0  0  0  0  1  0  0  0  0  0  0  0 ...   1  -10.0       1 ...
187  0  0  1  0  0  0  0  0  0  0  0  0  0  1  0  0 ...   1  -10.0       1 ...
188  0  0  1  0  0  0  1  0  0  1  0  0  0  0  1  0 ...   0  -10.0       1 ...
189  0  0  0  0  1  0  0  0  1  1  0  0  0  0  0  0 ...   1  -10.0       1 ...
191  1  0  0  0  0  0  0  0  0  0  1  0  0  0  0  0 ...   1  -10.0       1 ...
192  1  0  0  1  0  0  0  0  0  0  0  0  0  0  0  0 ...   1  -10.0       1 ...
195  1  0  1  0  0  0  0  0  0  0  1  1  0  0  0  0 ...   0  -10.0       1 ...
196  0  1  1  0  0  0  0  1  0  0  0  0  0  0  0  1 ...   0  -10.0       1 ...
198  0  0  1  0  0  0  1  0  0  1  1  0  0  0  0  0 ...   0  -10.0       1 ...
199  0  0  0  0  0  0  1  0  0  0  1  0  1  1  0  0 ...   0  -10.0       1 ...
204  0  0  1  0  0  0  0  0  0  0  1  0  0  0  1  0 ...   0  -10.0       1 ...
205  0  0  0  0  0  0  1  0  0  1  0  0  0  0  0  0 ...   1  -10.0       1 ...
208  0  1  0  0  0  0  0  0  0  0  1  0  0  0  0  0 ...   1  -10.0       1 ...
209  0  1  0  0  0  0  0  1  0  0  1  0  0  0  0  0 ...   0  -10.0       1 ...
210  0  0  0  0  0  0  0  0  0  0  0  0  0  0  0  0 ...   0  -10.0       1 ...
214  0  1  0  0  0  0  1  0  0  0  0  0  1  0  0  0 ...   0  -10.0       1 ...
216  1  0  0  0  0  0  1  0  0  0  0  0  1  0  0  0 ...   0  -10.0       1 ...
217  0  0  0  1  0  0  0  0  0  0  0  1  0  0  1  0 ...   1  -10.0       1 ...
218  0  1  0  1  0  0  0  1  0  0  0  1  1  0  0  0 ...   0  -10.0       1 ...
219  0  1  0  0  0  0  0  1  0  0  0  0  1  0  0  0 ...   0  -10.0       1 ...
220  0  0  0  0  0  1  0  1  0  0  0  0  0  0  0  0 ...   0  -10.0       1 ...
221  0  1  0  0  0  0  0  1  0  0  0  0  0  0  1  0 ...   0  -10.0       1 ...
222  0  1  0  0  0  0  1  1  0  0  0  1  0  0  0  0 ...   0  -10.0       1 ...
223  0  1  1  0  0  0  0  0  0  0  0  1  0  0  1  0 ...   1  -10.0       1 ...
224  0  0  0  1  0  0  0  0  0  0  1  0  0  0  0  0 ...   0  -10.0       1 ...
228  1  0  0  0  0  0  0  0  0  0  0  0  0  0  1  0 ...   1  -10.0       1 ...
231  0  1  1  0  0  0  1  0  0  1  0  0  0  1  0  0 ...   0  -10.0       1 ...
233  0  1  0  0  0  0  1  0  0  0  0  1  1  0  0  0 ...   0  -10.0       1 ...
234  0  0  0  0  0  0  1  0  0  1  0  0  0  0  0  0 ...   1  -10.0       1 ...
274  0  1  0  1  0  0  0  0  0  0  0  0  0  1  0  0 ...   0  -10.0       1 ...
276  0  0  0  0  0  0  0  0  0  0  1  1  0  0  0  0 ...   0  -10.0       1 ...
277  0  0  0  1  0  0  0  0  0  0  1  0  0  1  0  0 ...   1  -10.0       1 ...
278  0  1  0  0  0  0  0  0  0  0  0  0  1  0  0  0 ...   0  -10.0       1 ...
280  1  0  0  0  1  0  0  0  0  0  0  1  0  0  0  0 ...   0  -10.0       1 ...
283  1  0  0  0  0  0  0  0  0  0  0  0  0  0  0  0 ...   1  -10.0       1 ...
284  0  0  0  0  0  1  0  1  0  0  0  0  0  0  0  0 ...   0  -10.0       1 ...
286  1  0  0  0  0  1  1  0  0  0  0  0  0  0  0  0 ...   0  -10.0       1 ...
287  1  0  0  0  0  0  1  0  0  0  1  0  1  0  0  0 ...   0  -10.0       1 ...
291  0  1  0  1  0  0  0  0  0  0  0  0  0  0  0  0 ...   1  -10.0       1 ...
293  1  0  0  0  0  0  0  0  0  0  0  1  0  0  1  0 ...   1  -10.0       1 ...
294  0  1  1  0  0  0  0  0  1  0  0  0  0  0  0  0 ...   0  -10.0       1 ...
296  0  0  1  0  1  0  0  0  0  0  1  0  0  0  0  0 ...   1  -10.0       1 ...
297  1  0  0  0  0  0  0  0  0  1  0  0  0  0  0  0 ...   1  -10.0       1 ...
298  0  1  1  0  0  0  0  0  0  0  0  1  0  0  0  0 ...   0  -10.0       1 ...
300  0  1  0  0  0  0  0  0  0  0  0  0  0  0  0  1 ...   1  -10.0       1 ...
304  0  0  1  0  1  0  0  0  0  0  0  0  0  0  0  1 ...   1  -10.0       1 ...
305  0  1  0  1  0  0  0  0  0  0  0  1  0  0  0  0 ...   1  -10.0       1 ...
308  0  0  1  0  0  0  0  0  0  0  0  1  0  0  0  0 ...   0  -10.0       1 ...
312  0  1  1  0  0  0  0  0  0  0  0  0  0  0  0  1 ...   1  -10.0       1 ...
316  1  0  0  0  0  1  0  0  0  0  1  0  0  0  0  0 ...   0  -10.0       1 ...
320  0  0  1  0  0  0  1  0  0  0  0  0  0  0  0  0 ...   1  -10.0       1 ...
325  1  0  0  0  0  1  0  0  0  0  0  0  1  0  0  0 ...   1  -10.0       1 ...
326  0  1  0  0  0  0  0  1  0  0  0  0  0  0  0  0 ...   1  -10.0       1 ...
327  0  1  1  0  0  0  0  0  0  0  1  0  0  0  0  0 ...   0  -10.0       1 ...
329  0  1  0  1  0  0  0  0  0  0  0  1  0  0  1  0 ...   0  -10.0       1 ...
330  0  0  0  0  1  0  0  1  0  0  0  0  0  0  0  1 ...   0  -10.0       1 ...
331  0  0  1  0  0  0  0  0  0  0  1  0  0  0  0  0 ...   1  -10.0       1 ...
336  1  1  0  0  0  0  0  0  0  0  0  0  1  0  0  0 ...   1  -10.0       1 ...
339  0  1  0  0  0  0  0  0  1  0  0  0  0  0  1  0 ...   0  -10.0       1 ...
343  0  1  0  0  0  0  0  0  0  0  1  0  1  0  0  0 ...   0  -10.0       1 ...
348  0  0  0  0  0  1  0  0  0  0  0  0  0  0  0  0 ...   1  -10.0       1 ...
349  0  0  0  1  0  0  0  0  0  0  1  0  0  1  0  0 ...   1  -10.0       1 ...
352  0  0  0  0  0  0  0  0  0  0  0  1  0  1  0  0 ...   0  -10.0       1 ...
353  0  1  0  1  0  0  0  0  0  0  0  0  0  0  0  0 ...   1  -10.0       1 ...
356  0  0  0  0  0  0  0  0  0  0  0  1  0  0  0  1 ...   0  -10.0       1 ...
382  0  0  0  0  0  1  0  1  0  0  0  1  0  0  0  0 ...   0  -10.0       1 ...
386  0  1  0  0  0  0  0  0  0  0  0  0  0  1  0  0 ...   1  -10.0       1 ...
391  0  1  1  0  0  0  0  1  0  0  0  0  0  0  0  0 ...   0  -10.0       1 ...
403  1  0  0  0  0  0  0  0  0  0  0  1  0  0  1  0 ...   0  -10.0       1 ...
404  0  1  1  0  0  0  0  0  0  1  0  0  0  0  0  0 ...   1  -10.0       1 ...
415  0  1  0  0  0  0  1  0  0  0  0  1  1  0  0  0 ...   0  -10.0       1 ...
418  0  1  0  1  0  0  0  1  1  0  0  0  0  0  1  0 ...   0  -10.0       1 ...
423  0  0  1  0  0  0  0  0  0  0  1  0  0  1  0  0 ...   0  -10.0       1 ...
439  0  0  0  1  0  0  1  1  0  0  0  0  0  0  0  0 ...   0  -10.0       1 ...
440  0  1  0  0  0  1  0  1  0  0  0  1  1  0  0  0 ...   0  -10.0       1 ...
460  0  0  0  0  0  1  1  1  0  0  0  0  0  1  0  0 ...   0  -10.0       1 ...
462  0  0  0  0  0  0  0  0  0  1  0  0  0  0  0  0 ...   0  -10.0       1 ...
471  0  1  0  0  0  0  1  0  0  0  0  1  1  0  1  0 ...   0  -10.0       1 ...
473  1  1  0  0  0  0  1  0  1  0  0  0  0  0  0  0 ...   0  -10.0       1 ...
477  0  1  1  0  0  0  0  0  0  0  0  0  0  1  0  0 ...   1  -10.0       1 ...
489  0  0  0  0  0  0  1  0  0  0  0  0  0  0  0  0 ...   0  -10.0       1 ...
124  0  0  0  1  0  0  0  0  0  0  1  0  0  0  1  0 ...   0   -8.0       1 ...
131  0  1  0  0  0  0  0  1  0  0  0  0  0  1  0  0 ...   0   -8.0       1 ...
202  1  0  0  0  0  0  0  0  0  0  0  0  0  0  0  0 ...   1   -8.0       1 ...
211  0  0  0  0  0  1  0  1  0  0  0  0  0  0  0  1 ...   0   -8.0       1 ...
225  0  0  0  0  1  0  0  0  0  0  0  1  1  0  0  0 ...   0   -8.0       1 ...
226  0  0  1  0  0  0  0  0  0  1  0  0  0  0  0  0 ...   0   -8.0       1 ...
232  0  0  0  1  0  1  0  0  0  0  0  0  0  1  0  0 ...   0   -8.0       1 ...
236  1  0  0  0  0  0  0  0  0  0  0  0  0  0  0  0 ...   1   -8.0       1 ...
239  0  0  0  0  0  0  0  1  0  0  0  1  0  0  0  1 ...   0   -8.0       1 ...
240  1  0  0  0  0  0  0  0  0  1  0  0  1  0  0  0 ...   1   -8.0       1 ...
241  0  0  1  0  0  0  0  0  0  1  0  0  0  0  0  1 ...   1   -8.0       1 ...
242  1  0  0  0  0  0  0  0  0  1  0  0  1  0  0  0 ...   0   -8.0       1 ...
243  0  0  0  1  0  0  0  0  0  0  0  1  0  0  0  0 ...   1   -8.0       1 ...
244  0  0  0  0  0  0  0  1  0  0  1  0  0  0  0  0 ...   0   -8.0       1 ...
245  0  1  0  0  0  1  0  0  0  0  0  0  0  0  0  0 ...   0   -8.0       1 ...
246  1  0  0  0  0  1  0  0  0  1  0  0  0  0  0  0 ...   0   -8.0       1 ...
247  0  0  0  0  0  1  0  0  0  0  0  0  0  1  0  0 ...   1   -8.0       1 ...
248  1  0  0  0  0  0  0  0  0  1  0  0  1  0  0  0 ...   0   -8.0       1 ...
249  0  0  1  0  0  0  0  0  0  0  0  1  0  0  0  0 ...   0   -8.0       1 ...
250  0  1  1  0  0  0  0  0  0  0  0  0  0  0  0  0 ...   1   -8.0       1 ...
251  0  1  0  0  0  0  1  0  0  0  0  0  0  0  0  0 ...   0   -8.0       1 ...
252  0  0  1  0  0  0  0  0  0  0  1  0  0  0  0  0 ...   0   -8.0       1 ...
253  0  1  0  0  1  0  0  0  0  0  0  1  1  0  0  0 ...   0   -8.0       1 ...
254  0  0  0  1  0  0  0  0  0  0  1  0  0  0  0  1 ...   1   -8.0       1 ...
255  0  0  0  0  0  0  0  0  1  1  0  0  0  0  0  1 ...   1   -8.0       1 ...
256  0  1  0  1  0  0  0  1  0  0  0  0  0  0  1  0 ...   0   -8.0       1 ...
257  0  0  1  0  0  0  0  0  0  0  1  0  0  1  0  0 ...   1   -8.0       1 ...
258  0  0  0  0  0  1  0  1  0  0  0  0  0  0  0  1 ...   1   -8.0       1 ...
259  1  0  0  0  0  0  0  1  0  0  0  0  0  0  0  0 ...   0   -8.0       1 ...
260  0  1  1  0  0  0  0  0  0  0  0  1  0  0  0  0 ...   0   -8.0       1 ...
261  0  1  0  0  0  0  0  0  0  0  0  0  0  0  1  0 ...   1   -8.0       1 ...
262  1  0  0  0  0  0  0  0  0  0  0  0  0  0  0  0 ...   1   -8.0       1 ...
263  0  1  0  0  0  0  1  0  0  0  0  1  1  0  0  0 ...   0   -8.0       1 ...
264  1  0  0  0  0  0  1  0  0  1  0  0  0  0  1  0 ...   0   -8.0       1 ...
265  0  1  1  0  0  0  1  0  0  0  0  0  0  0  0  0 ...   1   -8.0       1 ...
266  0  1  0  1  0  0  0  0  0  0  0  1  0  0  0  0 ...   1   -8.0       1 ...
267  1  0  0  0  0  0  0  1  0  0  0  0  0  0  1  0 ...   1   -8.0       1 ...
268  0  0  0  1  0  0  1  0  0  0  1  0  0  1  0  0 ...   1   -8.0       1 ...
269  1  0  0  0  0  0  0  0  0  1  0  1  0  0  0  0 ...   0   -8.0       1 ...
270  0  1  0  0  1  0  0  0  0  0  0  0  0  0  0  0 ...   1   -8.0       1 ...
271  1  0  0  0  0  1  0  0  0  0  0  0  0  1  0  0 ...   1   -8.0       1 ...
272  0  1  1  0  0  0  0  0  0  0  0  1  0  0  1  0 ...   0   -8.0       1 ...
273  0  0  1  0  0  0  0  0  0  1  0  1  0  0  0  1 ...   0   -8.0       1 ...
279  0  0  0  0  1  0  0  0  0  0  0  0  0  0  0  1 ...   1   -8.0       1 ...
281  1  0  0  0  0  0  1  0  0  0  0  0  0  0  1  0 ...   1   -8.0       1 ...
288  0  0  0  0  0  1  1  1  0  0  0  0  0  0  0  0 ...   0   -8.0       1 ...
289  0  0  1  0  0  1  0  0  0  0  0  0  0  0  0  1 ...   0   -8.0       1 ...
292  0  1  1  0  0  0  0  0  0  0  1  0  0  0  0  0 ...   0   -8.0       1 ...
303  1  0  0  0  0  0  0  0  0  0  1  0  0  0  0  1 ...   0   -8.0       1 ...
306  0  0  0  0  0  0  0  1  0  0  0  0  0  0  0  1 ...   0   -8.0       1 ...
307  1  0  0  0  0  0  1  0  0  0  0  0  0  0  1  0 ...   1   -8.0       1 ...
309  0  1  0  0  0  0  0  0  0  0  0  1  0  1  0  0 ...   0   -8.0       1 ...
310  1  0  0  0  1  0  0  0  0  0  0  0  0  0  0  0 ...   0   -8.0       1 ...
311  0  0  0  0  0  0  1  0  0  1  0  0  1  0  0  0 ...   0   -8.0       1 ...
313  1  0  0  0  0  0  0  0  0  0  1  0  1  0  0  0 ...   1   -8.0       1 ...
314  0  0  0  0  0  0  0  0  0  0  1  0  0  0  0  0 ...   1   -8.0       1 ...
315  0  0  0  0  1  0  0  0  0  0  0  0  0  0  1  0 ...   1   -8.0       1 ...
317  1  0  0  0  0  0  0  0  0  1  0  0  0  0  0  0 ...   1   -8.0       1 ...
321  0  0  0  0  0  0  0  1  0  0  0  0  0  0  1  0 ...   0   -8.0       1 ...
322  0  1  0  0  0  1  0  1  0  0  0  0  0  0  0  0 ...   0   -8.0       1 ...
323  0  0  0  0  0  0  0  0  0  0  0  0  1  0  0  0 ...   0   -8.0       1 ...
324  0  1  0  1  0  1  0  1  0  0  0  1  0  0  0  0 ...   0   -8.0       1 ...
328  0  0  0  0  0  0  0  0  0  0  0  1  0  1  0  0 ...   0   -8.0       1 ...
332  0  0  0  0  0  0  0  0  0  1  0  1  0  0  0  1 ...   1   -8.0       1 ...
334  0  1  1  0  0  0  0  0  0  0  0  1  0  0  0  0 ...   0   -8.0       1 ...
337  1  0  1  0  0  0  0  0  0  0  0  1  0  1  0  0 ...   0   -8.0       1 ...
338  1  0  0  0  0  0  0  0  0  0  0  0  0  0  0  0 ...   1   -8.0       1 ...
340  0  1  0  0  1  0  0  1  0  0  0  0  0  0  1  0 ...   0   -8.0       1 ...
342  0  0  0  0  0  0  0  1  0  0  0  0  0  0  1  0 ...   0   -8.0       1 ...
346  0  1  0  0  0  0  0  0  0  0  0  0  1  0  0  0 ...   0   -8.0       1 ...
354  1  0  0  0  0  1  0  0  1  0  0  0  0  0  0  0 ...   1   -8.0       1 ...
377  0  0  1  1  0  0  0  0  0  0  1  0  0  0  0  0 ...   0   -8.0       1 ...
381  0  0  1  0  0  1  0  0  0  0  0  1  0  0  0  1 ...   0   -8.0       1 ...
383  0  0  0  0  0  1  0  0  0  0  0  0  0  0  0  1 ...   1   -8.0       1 ...
390  0  0  0  0  0  0  0  0  0  0  0  0  1  0  0  0 ...   0   -8.0       1 ...
392  0  0  1  0  0  0  0  0  0  0  0  0  0  0  0  1 ...   1   -8.0       1 ...
393  1  0  0  0  1  1  0  0  0  0  0  1  0  0  1  0 ...   0   -8.0       1 ...
395  0  1  0  0  0  0  0  0  0  1  0  1  1  0  0  0 ...   0   -8.0       1 ...
398  1  0  0  0  0  0  0  0  0  0  1  0  0  1  0  0 ...   0   -8.0       1 ...
400  0  0  0  0  0  1  0  1  0  0  0  1  0  0  0  0 ...   0   -8.0       1 ...
402  0  0  0  0  0  1  1  1  0  0  1  0  0  0  0  0 ...   0   -8.0       1 ...
405  0  0  0  0  0  1  0  0  0  0  0  0  0  0  0  0 ...   0   -8.0       1 ...
406  0  0  0  1  0  0  0  0  0  1  1  0  1  0  0  0 ...   0   -8.0       1 ...
409  0  0  0  0  0  1  1  0  0  1  0  0  0  0  0  0 ...   0   -8.0       1 ...
410  1  0  0  0  0  0  1  0  0  0  1  0  0  0  0  0 ...   1   -8.0       1 ...
411  0  1  1  0  0  0  0  0  0  0  0  0  0  1  0  0 ...   0   -8.0       1 ...
412  0  0  0  0  0  0  0  1  0  0  0  0  0  0  0  1 ...   1   -8.0       1 ...
413  0  1  0  0  0  0  1  0  0  1  0  0  0  0  0  0 ...   1   -8.0       1 ...
419  0  0  1  0  0  0  1  0  0  0  0  0  0  0  0  0 ...   1   -8.0       1 ...
422  0  0  0  0  0  0  0  0  0  1  0  1  1  0  0  0 ...   0   -8.0       1 ...
441  0  1  0  0  0  0  0  0  1  0  0  0  0  0  0  0 ...   1   -8.0       1 ...
442  0  0  0  0  0  0  0  0  0  0  0  1  1  0  0  1 ...   0   -8.0       1 ...
444  1  0  0  0  1  0  0  0  0  0  0  0  1  0  0  0 ...   0   -8.0       1 ...
447  0  1  1  0  0  0  0  0  0  0  1  0  0  1  0  0 ...   0   -8.0       1 ...
451  0  0  0  1  0  0  0  0  0  0  1  1  0  1  0  0 ...   0   -8.0       1 ...
452  1  1  0  0  0  0  1  0  0  0  1  0  0  0  0  0 ...   0   -8.0       1 ...
453  0  1  0  1  0  0  0  0  0  0  0  0  0  0  0  0 ...   0   -8.0       1 ...
455  0  0  0  0  0  1  0  1  0  0  0  0  1  0  0  0 ...   0   -8.0       1 ...
458  1  0  0  0  1  0  1  0  0  0  0  0  0  0  0  0 ...   0   -8.0       1 ...
476  0  1  0  0  0  1  0  1  0  0  0  1  0  0  0  0 ...   0   -8.0       1 ...
486  0  1  1  0  0  0  0  0  0  0  0  1  0  0  0  0 ...   0   -8.0       1 ...
490  0  0  0  0  1  0  0  1  1  0  0  0  0  0  1  0 ...   0   -8.0       1 ...
499  0  1  0  1  0  0  0  1  0  0  0  0  0  1  0  0 ...   1   -8.0       1 ...
227  0  0  0  1  0  0  0  0  0  1  0  0  0  0  0  0 ...   0   -6.0       1 ...
235  0  1  0  0  0  0  1  0  0  0  0  0  1  1  0  0 ...   0   -6.0       1 ...
285  0  1  1  0  0  0  0  0  0  0  1  0  0  0  0  0 ...   1   -6.0       1 ...
299  0  1  1  0  0  0  0  0  0  0  0  1  0  1  0  0 ...   0   -6.0       1 ...
318  0  1  0  0  0  0  1  1  0  0  0  0  0  0  0  0 ...   0   -6.0       1 ...
319  0  1  0  0  0  0  0  0  0  0  0  1  1  0  0  0 ...   0   -6.0       1 ...
333  1  0  0  0  0  0  0  0  0  0  0  1  1  0  0  0 ...   0   -6.0       1 ...
335  0  0  0  1  0  0  0  0  0  0  0  0  0  1  0  0 ...   1   -6.0       1 ...
341  1  0  0  0  0  1  0  0  0  0  0  0  1  0  0  0 ...   1   -6.0       1 ...
344  1  0  0  0  0  0  1  0  0  1  0  1  0  0  0  0 ...   0   -6.0       1 ...
345  0  0  0  0  0  0  0  1  0  0  1  0  0  0  0  0 ...   0   -6.0       1 ...
347  0  0  0  0  0  0  1  0  0  0  0  0  1  0  0  0 ...   0   -6.0       1 ...
350  1  1  0  1  0  0  0  0  0  0  0  0  0  0  0  0 ...   1   -6.0       1 ...
351  0  0  0  0  0  0  0  0  0  0  1  0  0  0  0  0 ...   1   -6.0       1 ...
357  0  0  0  0  0  0  0  0  0  1  1  0  0  1  0  0 ...   0   -6.0       1 ...
358  1  0  0  0  0  0  0  0  0  0  1  1  0  0  0  0 ...   1   -6.0       1 ...
359  0  1  0  0  0  1  0  0  0  0  0  1  0  0  0  0 ...   0   -6.0       1 ...
360  0  0  0  0  0  0  0  0  0  0  1  0  0  1  0  0 ...   1   -6.0       1 ...
361  0  0  1  0  0  0  0  0  0  1  0  0  0  0  0  0 ...   1   -6.0       1 ...
362  0  1  0  0  0  0  1  0  0  0  1  0  1  0  0  0 ...   0   -6.0       1 ...
363  0  0  0  0  1  0  0  1  0  0  0  0  0  1  0  0 ...   0   -6.0       1 ...
364  0  1  1  0  0  0  0  0  0  0  0  1  0  1  0  0 ...   0   -6.0       1 ...
365  0  1  0  0  0  0  0  0  0  0  0  0  0  0  0  0 ...   1   -6.0       1 ...
366  1  1  0  0  1  0  0  0  0  0  0  1  0  0  0  1 ...   0   -6.0       1 ...
367  1  1  0  0  0  1  0  0  0  0  0  1  0  1  0  0 ...   0   -6.0       1 ...
368  0  0  0  0  0  0  0  1  0  0  0  0  0  0  0  0 ...   0   -6.0       1 ...
369  0  0  0  1  0  0  0  0  0  1  0  0  0  0  0  0 ...   1   -6.0       1 ...
370  1  0  0  0  0  0  0  0  0  0  0  0  0  0  0  0 ...   1   -6.0       1 ...
371  0  0  1  0  0  0  0  0  0  0  1  1  0  0  0  0 ...   0   -6.0       1 ...
372  1  0  0  0  0  0  0  0  0  0  0  1  1  0  0  0 ...   0   -6.0       1 ...
373  1  0  0  0  0  0  0  0  0  0  0  0  0  1  0  0 ...   0   -6.0       1 ...
374  0  0  1  0  0  1  0  0  0  1  0  0  0  0  0  0 ...   0   -6.0       1 ...
375  0  1  1  0  0  0  0  0  0  0  0  0  0  0  0  1 ...   1   -6.0       1 ...
376  1  0  0  0  0  0  0  0  1  0  0  1  0  0  0  0 ...   0   -6.0       1 ...
378  0  0  0  0  0  0  0  1  1  0  0  0  0  0  0  1 ...   1   -6.0       1 ...
379  0  0  0  1  0  0  0  0  0  0  0  1  0  1  0  0 ...   1   -6.0       1 ...
380  1  0  0  0  1  0  0  0  1  0  0  0  0  0  0  0 ...   1   -6.0       1 ...
384  0  1  1  0  0  0  0  0  0  0  1  0  0  0  0  1 ...   1   -6.0       1 ...
385  0  1  0  0  0  0  0  0  0  0  0  0  0  0  0  0 ...   1   -6.0       1 ...
387  0  1  0  0  0  0  0  1  0  1  0  0  0  0  0  0 ...   0   -6.0       1 ...
389  0  0  0  1  0  0  0  0  1  0  0  0  0  1  0  0 ...   1   -6.0       1 ...
394  0  1  1  1  0  0  0  0  0  0  0  1  0  1  0  0 ...   1   -6.0       1 ...
407  0  0  0  0  0  1  0  0  0  0  0  1  0  1  0  0 ...   0   -6.0       1 ...
408  0  0  0  0  0  0  0  0  0  1  1  0  0  0  0  0 ...   0   -6.0       1 ...
416  0  0  0  0  0  0  1  0  0  0  0  0  0  0  0  1 ...   1   -6.0       1 ...
417  0  1  1  0  0  0  0  0  0  0  1  0  0  0  0  0 ...   1   -6.0       1 ...
420  0  0  1  0  0  0  0  0  0  0  0  0  0  1  0  1 ...   1   -6.0       1 ...
421  0  1  0  0  0  0  0  1  0  0  0  1  0  0  0  0 ...   0   -6.0       1 ...
437  1  0  0  0  0  1  0  0  0  0  0  0  0  0  0  0 ...   1   -6.0       1 ...
443  1  1  0  0  0  0  0  0  0  0  0  0  0  0  0  0 ...   1   -6.0       1 ...
446  0  1  0  0  0  0  1  1  0  0  0  0  0  0  0  0 ...   0   -6.0       1 ...
448  0  1  0  0  0  0  0  0  0  0  0  0  0  0  0  0 ...   0   -6.0       1 ...
450  1  0  0  0  0  0  0  0  0  0  1  1  0  0  1  0 ...   0   -6.0       1 ...
456  0  1  0  1  0  0  0  1  0  0  0  1  0  0  0  1 ...   0   -6.0       1 ...
463  1  0  0  0  1  0  0  0  0  0  0  0  0  0  0  0 ...   0   -6.0       1 ...
465  0  1  0  1  0  0  0  0  0  0  1  0  0  1  0  0 ...   0   -6.0       1 ...
467  0  0  0  0  1  1  0  1  0  0  0  1  0  0  0  1 ...   1   -6.0       1 ...
485  1  0  0  0  0  0  0  0  0  0  0  0  1  0  1  0 ...   0   -6.0       1 ...
492  0  0  0  0  1  0  1  0  0  0  0  0  1  0  0  0 ...   0   -6.0       1 ...
493  0  1  1  0  0  0  0  0  0  0  1  0  0  0  0  0 ...   1   -6.0       1 ...
494  0  0  0  0  0  0  1  0  0  0  1  0  0  1  0  0 ...   0   -6.0       1 ...
396  0  0  1  0  0  0  0  0  0  0  1  1  0  0  0  0 ...   0   -4.0       1 ...
399  0  0  0  0  0  0  1  0  0  0  0  1  0  1  0  0 ...   1   -4.0       1 ...
401  0  0  0  0  0  0  1  0  0  0  0  0  0  0  1  0 ...   0   -4.0       1 ...
425  0  0  0  0  0  0  0  0  0  0  0  0  0  0  0  1 ...   0   -4.0       1 ...
426  0  0  1  1  0  0  0  0  0  0  1  0  0  0  0  0 ...   1   -4.0       1 ...
427  0  0  0  1  0  0  0  1  0  0  0  0  0  0  0  1 ...   1   -4.0       1 ...
428  0  0  0  0  1  0  0  1  0  0  0  1  1  0  0  0 ...   0   -4.0       1 ...
429  0  0  1  0  0  0  0  0  0  0  0  1  0  1  0  0 ...   0   -4.0       1 ...
430  0  1  1  0  0  0  0  0  0  0  1  0  0  0  0  0 ...   0   -4.0       1 ...
431  1  0  0  0  0  0  0  0  0  1  0  0  0  0  0  0 ...   0   -4.0       1 ...
432  1  1  0  0  0  0  0  0  0  0  1  0  0  0  0  0 ...   1   -4.0       1 ...
433  0  1  1  0  0  0  0  1  0  0  0  0  0  0  0  0 ...   1   -4.0       1 ...
434  0  1  0  1  0  0  0  0  0  0  0  0  0  0  0  0 ...   0   -4.0       1 ...
435  1  0  0  0  0  0  1  1  0  0  0  0  1  0  0  0 ...   0   -4.0       1 ...
436  0  1  1  0  0  0  0  0  0  0  0  0  1  0  0  0 ...   1   -4.0       1 ...
449  0  0  0  1  0  0  0  1  0  0  1  0  1  1  0  0 ...   0   -4.0       1 ...
454  0  0  0  0  0  0  0  1  0  0  0  0  0  0  0  1 ...   1   -4.0       1 ...
464  1  0  0  1  0  1  0  0  0  0  1  0  0  1  0  0 ...   1   -4.0       1 ...
472  0  0  0  0  0  0  0  0  0  0  0  1  1  0  0  0 ...   1   -4.0       1 ...
474  0  0  0  0  0  0  0  0  0  0  0  1  0  0  0  1 ...   0   -4.0       1 ...
475  1  0  1  0  1  0  0  0  0  0  1  1  1  0  0  0 ...   1   -4.0       1 ...
479  1  1  0  0  0  0  0  0  0  0  0  1  1  0  0  0 ...   0   -4.0       1 ...
487  1  1  0  0  0  0  1  0  0  0  1  0  0  0  0  0 ...   1   -4.0       1 ...
495  1  0  0  0  0  1  0  0  0  0  0  0  0  0  0  0 ...   0   -4.0       1 ...
496  0  0  0  0  0  0  1  0  0  0  0  0  0  0  0  0 ...   0   -4.0       1 ...
424  0  0  1  0  0  0  0  0  0  0  1  0  1  0  1  0 ...   0   -2.0       1 ...
459  1  0  0  1  0  1  0  0  0  0  1  0  0  0  0  0 ...   1   -2.0       1 ...
466  0  0  0  0  0  0  0  0  0  1  0  0  0  1  0  0 ...   1   -2.0       1 ...
468  1  0  0  0  0  0  0  0  0  1  0  0  0  0  0  1 ...   1   -2.0       1 ...
469  1  1  0  0  0  0  0  0  0  1  0  0  1  0  0  0 ...   1   -2.0       1 ...
470  0  0  1  1  0  0  0  0  0  0  0  1  0  0  0  0 ...   1   -2.0       1 ...
480  0  0  1  1  0  0  0  0  0  1  0  0  0  1  0  0 ...   0   -2.0       1 ...
481  1  0  1  0  0  0  0  0  0  0  0  0  0  0  0  0 ...   1   -2.0       1 ...
488  1  0  0  0  0  0  0  0  0  0  1  1  1  0  0  0 ...   0   -2.0       1 ...
482  1  0  1  0  0  0  0  0  0  0  1  1  0  0  0  1 ...   0    0.0       1 ...
483  1  0  0  0  0  0  0  0  0  0  1  0  0  1  0  1 ...   0    0.0       1 ...
484  1  0  0  0  0  1  0  0  1  0  0  0  0  0  0  0 ...   0    0.0       1 ...
498  0  1  0  0  0  0  0  0  0  0  1  1  1  0  0  0 ...   1    0.0       1 ...
497  1  1  0  0  0  0  0  0  0  0  0  0  0  0  1  0 ...   0    2.0       1 ...
['BINARY', 500 rows, 500 samples, 52 variables]