     0  3  4  5  9 11 12 13 15 16 17 19 20 21 23 24 ... 47 energy num_oc. ...
0    0  0  1  0  0  0  0  1  1  0  0  0  0  0  0  1 ...  0  -14.0       1 ...
1    0  0  0  1  1  0  0  0  0  0  0  0  1  0  0  1 ...  0  -14.0       3 ...
2    0  0  0  0  0  0  0  1  0  0  1  0  0  1  0  0 ...  1  -12.0       3 ...
3    0  0  1  0  0  0  0  1  0  0  1  0  0  1  0  0 ...  1  -12.0       1 ...
4    0  0  1  0  0  0  0  1  0  0  1  0  0  1  0  0 ...  1  -12.0       2 ...
5    0  0  0  0  0  1  0  0  0  0  0  0  1  0  0  1 ...  1  -12.0       1 ...
6    0  0  0  1  0  0  0  0  0  0  0  0  1  0  0  1 ...  0  -12.0       3 ...
7    0  0  1  0  0  0  0  1  1  0  0  0  0  0  0  0 ...  0  -12.0       6 ...
8    0  0  1  0  0  0  0  1  1  0  0  0  0  0  0  1 ...  0  -12.0       1 ...
9    0  0  0  1  1  0  0  0  0  0  0  0  1  0  0  0 ...  0  -12.0       4 ...
10   0  0  0  1  1  0  0  0  0  0  0  0  1  0  0  1 ...  0  -12.0       1 ...
11   0  0  1  0  0  0  0  1  1  0  0  0  0  0  0  1 ...  0  -12.0       1 ...
12   0  0  1  0  0  0  0  0  1  0  0  0  0  0  0  1 ...  0  -12.0       2 ...
13   0  0  0  1  1  0  0  0  0  0  0  0  0  0  0  1 ...  0  -12.0       1 ...
14   0  1  0  0  0  0  1  0  0  0  0  0  0  0  1  0 ...  0  -12.0       2 ...
15   0  1  0  0  0  0  1  0  0  0  0  0  0  0  1  0 ...  0  -12.0       5 ...
16   0  1  0  0  0  0  1  0  0  0  0  0  0  0  1  0 ...  0  -12.0       3 ...
490  0  0  1  0  0  0  0  1  0  0  1  0  0  1  0  0 ...  1  -12.0       1 ...
17   0  0  0  1  0  0  1  0  1  0  0  0  0  0  0  0 ...  0  -10.0       1 ...
18   0  0  0  0  0  0  1  0  0  0  1  0  0  1  0  0 ...  0  -10.0       1 ...
19   0  0  0  0  0  0  1  0  0  0  0  0  0  1  1  0 ...  0  -10.0       1 ...
20   0  0  1  0  0  0  0  0  0  0  1  0  0  1  0  0 ...  1  -10.0       1 ...
21   0  0  0  0  0  0  0  1  0  1  0  0  0  1  0  0 ...  0  -10.0       1 ...
22   0  0  0  1  1  0  0  0  0  0  0  0  1  0  0  0 ...  0  -10.0       1 ...
23   0  0  0  1  0  0  0  0  0  1  0  0  1  1  0  0 ...  0  -10.0       1 ...
24   1  0  0  0  0  0  1  0  1  0  0  0  0  0  0  0 ...  0  -10.0       1 ...
25   0  1  0  0  0  0  0  1  0  0  1  0  0  1  0  0 ...  1  -10.0       1 ...
26   0  0  0  1  0  0  1  0  0  1  0  0  0  1  0  0 ...  0  -10.0       3 ...
27   0  0  0  1  0  1  0  0  0  1  0  0  0  1  0  0 ...  0  -10.0       1 ...
28   0  0  0  1  1  0  0  0  0  0  0  0  1  1  0  0 ...  0  -10.0       1 ...
29   1  0  0  0  1  0  0  0  0  0  0  0  1  0  0  0 ...  1  -10.0       1 ...
30   0  0  0  1  1  0  0  0  0  0  0  0  1  0  0  0 ...  0  -10.0       1 ...
31   0  0  0  0  0  0  0  1  0  1  0  0  0  1  0  0 ...  1  -10.0       1 ...
32   0  0  0  1  0  0  0  0  1  0  0  0  0  0  0  0 ...  0  -10.0       1 ...
33   0  0  0  1  1  0  0  0  0  0  0  0  0  0  0  0 ...  0  -10.0       2 ...
34   1  0  0  0  0  0  1  1  0  0  0  0  0  0  0  0 ...  0  -10.0       1 ...
35   1  0  0  0  0  0  0  1  0  0  0  1  0  0  1  0 ...  0  -10.0       1 ...
36   0  0  0  1  0  0  0  0  0  0  0  0  1  1  0  0 ...  0  -10.0       1 ...
37   0  0  0  1  0  0  0  0  1  0  0  0  0  0  0  0 ...  0  -10.0       1 ...
38   0  0  0  0  0  0  1  0  0  1  1  0  0  1  0  0 ...  0  -10.0       2 ...
39   0  0  0  1  0  0  0  0  0  1  0  0  1  1  0  0 ...  0  -10.0       1 ...
40   1  0  0  0  0  0  1  0  1  0  0  0  0  0  0  0 ...  0  -10.0       1 ...
41   0  0  0  0  0  0  1  0  1  0  0  0  0  0  0  0 ...  0  -10.0       1 ...
42   0  0  0  1  0  0  1  0  0  1  0  0  0  1  0  0 ...  0  -10.0       3 ...
43   0  0  0  1  0  0  0  0  0  1  0  0  0  1  0  0 ...  0  -10.0       1 ...
44   0  0  0  1  0  0  0  0  0  1  0  0  0  1  0  0 ...  0  -10.0       1 ...
45   0  0  1  0  0  0  0  0  0  0  1  0  0  1  0  0 ...  1  -10.0       1 ...
46   0  0  0  0  1  0  0  0  0  0  1  0  0  0  0  0 ...  1  -10.0       1 ...
47   0  0  0  0  0  0  1  0  1  0  0  0  0  0  0  0 ...  0  -10.0       1 ...
48   0  0  0  0  0  0  1  0  0  1  0  0  0  1  0  0 ...  0  -10.0       2 ...
49   0  0  0  1  1  0  0  0  0  0  0  0  1  0  0  0 ...  0  -10.0       1 ...
50   0  0  0  1  0  0  0  0  1  0  0  0  0  0  0  0 ...  0  -10.0       1 ...
51   0  0  0  1  0  0  1  0  1  0  0  0  0  0  0  0 ...  0  -10.0       1 ...
52   0  0  1  0  1  0  0  0  0  0  0  0  0  0  0  0 ...  1  -10.0       1 ...
53   0  0  0  1  0  0  0  0  1  0  0  0  0  0  0  1 ...  0  -10.0       1 ...
54   0  0  0  1  1  0  0  0  0  0  0  0  1  1  0  0 ...  0  -10.0       1 ...
55   0  0  0  0  0  0  1  0  0  0  1  0  0  1  0  0 ...  0  -10.0       1 ...
56   0  0  1  0  0  0  0  0  0  0  1  0  0  0  0  0 ...  1  -10.0       1 ...
57   1  0  0  0  0  0  0  0  0  0  0  0  1  0  0  0 ...  1  -10.0       1 ...
58   0  0  1  0  0  0  0  1  0  0  1  0  0  1  0  0 ...  0  -10.0       1 ...
59   0  0  0  1  1  0  0  0  0  0  0  0  0  0  0  0 ...  0  -10.0       2 ...
60   0  0  0  1  0  1  0  0  0  1  0  0  1  1  0  0 ...  0  -10.0       1 ...
61   1  0  0  0  0  0  0  0  0  0  0  0  1  0  0  0 ...  1  -10.0       1 ...
62   0  0  0  1  0  0  1  0  1  0  0  0  0  0  0  0 ...  0  -10.0       2 ...
63   0  0  0  1  0  0  1  0  0  1  0  0  0  1  0  0 ...  0  -10.0       2 ...
64   0  0  0  1  0  0  0  0  0  0  0  0  1  1  0  0 ...  0  -10.0       2 ...
65   0  0  0  0  0  1  0  1  0  1  0  0  0  1  0  0 ...  1  -10.0       1 ...
66   0  0  0  1  0  0  0  0  0  1  0  0  0  1  0  0 ...  0  -10.0       1 ...
67   0  0  1  0  0  0  0  1  0  0  0  0  0  0  0  1 ...  1  -10.0       1 ...
68   0  0  1  0  1  0  0  0  0  0  0  0  0  0  0  0 ...  1  -10.0       1 ...
69   1  0  0  0  0  1  0  0  0  0  0  0  1  0  0  0 ...  1  -10.0       1 ...
70   1  0  0  0  0  0  1  0  0  0  1  0  0  0  0  0 ...  0  -10.0       2 ...
71   0  0  0  0  0  0  1  0  1  0  0  0  0  0  0  0 ...  0  -10.0       1 ...
72   1  0  0  0  0  1  0  0  0  0  0  0  1  0  0  0 ...  0  -10.0       1 ...
73   1  0  0  0  0  0  1  0  0  0  1  0  0  0  0  0 ...  0  -10.0       1 ...
74   0  0  0  0  0  0  1  0  0  0  1  0  0  0  0  0 ...  0  -10.0       1 ...
75   0  0  0  1  1  0  0  0  0  0  0  0  1  0  0  1 ...  0  -10.0       1 ...
76   0  0  0  0  0  0  1  0  0  0  1  0  0  0  0  0 ...  0  -10.0       1 ...
77   0  1  0  0  0  0  1  0  0  1  0  0  0  1  0  0 ...  0  -10.0       1 ...
78   0  0  0  0  0  1  0  0  0  0  0  0  1  0  0  1 ...  0  -10.0       1 ...
79   1  0  0  0  0  0  1  0  1  0  0  0  0  0  0  0 ...  0  -10.0       2 ...
80   0  0  0  1  1  0  0  0  0  0  0  0  0  0  0  0 ...  0  -10.0       1 ...
81   1  0  0  0  0  1  0  0  0  0  0  0  1  0  0  0 ...  1  -10.0       1 ...
82   1  0  0  0  0  1  0  0  1  0  0  0  1  0  0  0 ...  0  -10.0       1 ...
83   1  0  1  0  1  0  0  0  0  0  1  0  0  0  0  0 ...  1  -10.0       2 ...
84   1  0  0  0  0  0  1  0  1  0  0  0  0  0  0  0 ...  0  -10.0       1 ...
85   1  0  0  0  0  0  1  0  0  0  0  0  0  0  1  0 ...  0  -10.0       1 ...
86   0  0  0  0  0  0  1  0  1  0  0  0  0  0  0  0 ...  0  -10.0       1 ...
87   1  0  0  0  0  0  1  0  1  0  0  0  0  0  0  0 ...  0  -10.0       1 ...
88   1  0  0  0  0  0  1  0  1  0  1  0  0  0  0  0 ...  0  -10.0       1 ...
89   1  0  0  0  0  0  1  0  0  0  1  0  0  0  0  0 ...  1  -10.0       1 ...
90   1  0  0  0  0  0  1  0  0  0  0  0  0  0  0  0 ...  0  -10.0       1 ...
91   1  0  0  1  1  0  0  0  0  0  0  0  1  0  0  0 ...  0  -10.0       1 ...
92   1  0  1  0  0  0  0  0  0  0  1  0  0  0  0  0 ...  1  -10.0       1 ...
93   1  0  0  0  0  1  0  0  1  0  0  0  0  0  0  1 ...  0  -10.0       1 ...
94   1  0  0  0  0  1  0  0  0  0  0  0  1  0  0  0 ...  1  -10.0       1 ...
95   0  1  0  0  0  0  0  1  0  0  0  0  0  0  1  0 ...  1  -10.0       1 ...
96   1  0  0  0  0  0  1  1  0  0  1  0  0  0  0  0 ...  0  -10.0       1 ...
97   1  0  0  0  0  0  1  0  1  0  0  0  0  0  0  0 ...  0  -10.0       1 ...
98   0  0  0  0  0  0  1  0  0  0  1  0  0  0  0  0 ...  1  -10.0       1 ...
99   1  0  0  0  0  1  0  0  1  0  0  0  1  0  0  1 ...  0  -10.0       1 ...
100  1  0  0  0  1  0  0  0  0  0  0  1  0  0  0  0 ...  0  -10.0       1 ...
101  0  0  0  1  0  0  0  0  0  1  0  0  0  0  0  0 ...  0  -10.0       1 ...
102  1  0  0  0  0  0  1  0  1  0  0  0  0  0  0  0 ...  0  -10.0       1 ...
103  0  0  0  0  0  0  1  0  1  0  1  0  0  0  0  0 ...  0  -10.0       1 ...
104  0  0  0  1  1  0  0  0  0  0  0  0  1  0  0  0 ...  0  -10.0       2 ...
105  1  0  0  0  0  1  1  0  1  0  0  0  0  0  0  0 ...  0  -10.0       1 ...
106  0  0  0  1  1  0  0  0  0  0  0  0  1  0  0  0 ...  0  -10.0       1 ...
107  1  0  0  0  0  0  0  0  0  0  1  0  0  0  0  0 ...  1  -10.0       1 ...
108  0  0  0  0  1  0  0  0  0  0  0  0  1  0  0  1 ...  1  -10.0       1 ...
109  0  1  0  0  0  0  0  1  0  0  0  0  0  0  1  0 ...  0  -10.0       1 ...
110  0  1  0  0  0  0  1  0  0  1  0  0  0  1  0  0 ...  0  -10.0       2 ...
111  0  0  0  0  0  0  1  0  0  0  1  0  0  0  0  0 ...  0  -10.0       1 ...
112  0  0  0  0  0  1  0  0  1  0  0  0  0  0  0  1 ...  0  -10.0       1 ...
113  1  0  1  0  0  0  0  1  0  0  0  0  0  0  1  0 ...  0  -10.0       1 ...
114  0  0  0  0  0  0  0  0  0  0  0  1  0  0  1  0 ...  0  -10.0       1 ...
115  0  0  0  0  0  0  1  0  1  0  0  0  0  0  0  0 ...  0  -10.0       2 ...
116  0  0  0  0  0  0  1  0  1  0  0  0  0  0  0  0 ...  0  -10.0       1 ...
117  1  0  0  0  0  0  1  0  0  0  0  1  0  0  0  0 ...  0  -10.0       1 ...
118  0  0  0  1  0  0  0  0  0  0  0  0  1  0  0  0 ...  0  -10.0       3 ...
119  0  1  0  0  0  0  0  1  0  1  0  0  0  0  0  0 ...  1  -10.0       1 ...
120  1  0  0  0  0  0  1  0  0  0  1  0  0  0  0  0 ...  0  -10.0       2 ...
121  1  0  0  0  0  0  0  0  0  0  0  1  0  0  1  0 ...  0  -10.0       1 ...
122  0  0  0  1  1  0  0  0  0  0  0  0  0  0  0  1 ...  0  -10.0       1 ...
123  1  0  1  0  1  0  0  0  0  0  0  1  0  0  1  0 ...  0  -10.0       1 ...
124  1  0  0  0  0  0  1  0  1  0  1  0  0  0  0  0 ...  0  -10.0       1 ...
125  1  0  0  0  1  0  0  0  0  0  0  1  0  0  1  0 ...  0  -10.0       2 ...
126  0  1  0  0  0  0  1  0  0  1  0  0  0  0  0  0 ...  0  -10.0       2 ...
127  0  0  0  0  0  0  1  0  0  0  0  0  0  0  1  0 ...  0  -10.0       1 ...
128  1  0  0  0  1  0  0  0  0  0  0  1  1  0  0  0 ...  0  -10.0       1 ...
129  0  0  1  0  0  0  0  0  0  0  0  1  0  1  0  0 ...  0  -10.0       1 ...
130  0  0  0  0  0  0  1  0  1  0  0  0  0  0  1  0 ...  0  -10.0       1 ...
131  1  0  1  0  1  0  0  0  0  0  0  1  0  0  0  0 ...  0  -10.0       1 ...
132  0  0  0  0  0  0  1  0  0  0  0  1  0  0  1  0 ...  0  -10.0       1 ...
133  1  0  0  0  0  0  0  0  0  0  0  0  1  0  1  0 ...  0  -10.0       1 ...
134  1  0  0  0  0  0  1  0  0  0  1  0  0  0  0  0 ...  0  -10.0       1 ...
135  0  1  0  0  0  0  1  0  0  0  0  0  0  1  1  0 ...  0  -10.0       1 ...
136  0  0  1  0  0  0  0  0  1  0  0  0  0  0  0  1 ...  0  -10.0       1 ...
137  1  0  0  0  0  0  1  0  0  0  1  0  0  0  0  0 ...  0  -10.0       1 ...
138  0  1  0  0  0  0  1  0  0  1  0  0  0  0  0  0 ...  0  -10.0       1 ...
139  1  0  0  0  0  0  0  1  0  0  1  0  0  0  0  0 ...  1  -10.0       1 ...
140  1  0  0  0  1  1  0  0  0  0  0  0  1  0  0  0 ...  0  -10.0       1 ...
141  0  0  0  1  1  0  0  0  0  0  0  0  1  0  0  0 ...  0  -10.0       1 ...
142  0  0  0  1  1  0  0  0  0  0  0  0  0  0  0  1 ...  0  -10.0       1 ...
143  0  1  0  0  0  0  1  0  0  1  0  0  0  0  0  0 ...  0  -10.0       1 ...
144  1  0  0  0  0  0  1  0  0  0  0  1  0  0  1  0 ...  0  -10.0       1 ...
145  0  0  0  0  0  0  1  0  0  0  0  0  0  0  1  0 ...  0  -10.0       1 ...
146  1  0  0  0  0  0  1  0  0  0  1  0  0  0  0  0 ...  0  -10.0       1 ...
147  0  0  0  1  1  0  0  0  0  0  0  0  1  0  0  0 ...  0  -10.0       1 ...
148  0  0  1  0  1  0  0  0  0  0  0  0  1  0  0  1 ...  1  -10.0       1 ...
149  0  1  0  0  0  0  1  0  0  0  0  0  0  0  1  0 ...  0  -10.0       1 ...
150  0  0  0  0  0  0  1  0  0  0  1  0  0  0  0  0 ...  0  -10.0       1 ...
151  1  0  0  0  0  0  1  0  0  0  0  1  0  0  0  0 ...  0  -10.0       1 ...
152  0  0  0  1  0  1  0  0  0  0  0  0  1  0  0  1 ...  0  -10.0       1 ...
153  0  0  0  0  0  0  1  0  0  1  0  0  0  1  0  0 ...  0  -10.0       1 ...
154  1  0  0  0  0  0  1  0  0  0  1  0  0  0  0  0 ...  0  -10.0       1 ...
155  0  1  0  0  0  0  0  1  0  0  0  0  0  0  1  0 ...  0  -10.0       1 ...
156  1  0  0  0  0  0  0  1  0  0  1  0  0  0  0  0 ...  1  -10.0       1 ...
157  1  0  0  0  0  0  1  0  0  0  1  0  0  1  0  0 ...  0  -10.0       1 ...
158  1  0  0  1  1  0  0  0  0  0  0  0  1  0  0  1 ...  0  -10.0       1 ...
159  0  1  0  0  0  0  1  0  0  1  0  0  0  1  0  0 ...  0  -10.0       1 ...
160  1  0  1  0  0  0  0  1  1  0  0  0  0  0  0  0 ...  0  -10.0       1 ...
161  0  0  0  0  0  0  1  0  0  0  0  0  0  0  1  0 ...  0  -10.0       2 ...
162  1  0  0  0  0  0  0  1  0  0  0  0  0  0  1  0 ...  0  -10.0       1 ...
163  0  0  1  0  0  0  0  1  0  0  1  0  0  0  0  0 ...  1  -10.0       1 ...
164  1  0  0  0  0  0  1  0  0  0  1  0  0  0  0  0 ...  0  -10.0       1 ...
165  0  0  1  0  0  0  0  1  1  0  0  0  0  0  0  0 ...  0  -10.0       1 ...
166  0  0  1  0  1  0  0  0  0  0  0  0  0  0  0  1 ...  1  -10.0       1 ...
167  0  0  1  0  0  0  0  1  0  1  0  0  0  1  0  0 ...  0  -10.0       1 ...
168  0  1  0  0  0  0  0  0  0  0  0  0  1  0  0  0 ...  0  -10.0       1 ...
169  1  0  0  0  0  1  0  0  0  0  0  0  1  0  0  0 ...  0  -10.0       1 ...
170  1  0  0  0  0  1  0  0  0  0  0  0  1  0  0  0 ...  0  -10.0       1 ...
171  0  1  0  0  0  0  1  0  0  0  0  0  0  0  0  0 ...  0  -10.0       1 ...
172  1  0  0  0  0  1  1  0  0  0  0  0  0  0  0  0 ...  0  -10.0       1 ...
173  0  0  0  0  0  0  1  0  0  0  0  0  0  0  1  0 ...  0  -10.0       1 ...
174  0  1  0  0  0  0  0  0  0  0  0  0  0  0  1  0 ...  0  -10.0       1 ...
175  1  0  0  0  0  0  1  0  0  0  1  0  0  0  0  0 ...  0  -10.0       2 ...
176  1  0  0  0  0  0  1  0  0  0  1  0  0  0  0  0 ...  0  -10.0       2 ...
177  1  1  0  0  0  0  1  0  0  0  0  0  0  0  1  0 ...  0  -10.0       1 ...
178  1  0  0  0  0  0  1  0  0  0  0  0  0  0  0  0 ...  0  -10.0       1 ...
179  0  1  0  0  0  0  1  0  0  0  0  0  0  0  0  0 ...  0  -10.0       1 ...
180  0  1  0  0  0  0  1  0  0  0  0  0  1  0  1  0 ...  0  -10.0       1 ...
181  0  0  1  0  0  0  0  0  0  0  0  1  0  0  1  0 ...  0  -10.0       1 ...
182  0  1  0  0  0  0  1  0  1  0  0  0  0  0  0  0 ...  0  -10.0       2 ...
183  0  1  0  0  0  0  1  0  0  1  0  0  0  0  0  0 ...  0  -10.0       1 ...
184  0  1  0  0  0  0  1  0  0  1  0  0  0  0  0  0 ...  0  -10.0       1 ...
185  0  1  0  0  0  0  1  0  0  1  0  0  0  0  1  0 ...  0  -10.0       3 ...
186  0  1  0  0  0  0  0  0  0  0  0  0  0  0  1  0 ...  0  -10.0       1 ...
187  0  1  0  0  0  0  1  0  0  0  1  0  0  0  0  0 ...  0  -10.0       1 ...
188  0  1  0  0  0  0  1  0  0  1  0  0  0  0  0  0 ...  0  -10.0       1 ...
189  0  1  0  1  1  0  0  0  0  0  0  0  1  0  0  0 ...  0  -10.0       3 ...
190  0  0  1  0  0  0  0  0  1  0  0  1  0  0  0  1 ...  0  -10.0       1 ...
191  1  0  0  0  0  1  0  0  0  0  0  0  1  0  0  0 ...  0  -10.0       1 ...
192  0  1  0  0  0  0  1  0  0  1  0  0  0  0  0  0 ...  0  -10.0       1 ...
193  0  0  0  0  0  0  0  1  0  1  1  0  0  1  0  0 ...  1  -10.0       1 ...
195  1  0  0  0  0  1  0  0  0  0  0  0  1  0  1  0 ...  0  -10.0       1 ...
196  0  0  0  1  0  0  1  0  0  1  0  0  0  1  0  0 ...  0  -10.0       1 ...
197  1  1  0  0  0  0  1  0  0  0  0  0  0  0  0  0 ...  0  -10.0       1 ...
400  0  1  0  0  0  0  1  0  0  0  0  0  0  0  1  0 ...  0  -10.0       1 ...
401  0  0  0  1  0  0  0  0  1  0  0  0  0  0  0  0 ...  0  -10.0       1 ...
402  0  0  0  0  0  0  1  0  1  0  0  0  0  0  0  0 ...  0  -10.0       1 ...
404  1  0  0  0  0  0  0  1  0  0  1  0  0  1  0  0 ...  1  -10.0       1 ...
406  0  0  1  0  1  0  0  0  0  0  0  0  0  0  0  0 ...  1  -10.0       1 ...
409  0  0  0  1  0  0  0  0  0  0  0  0  1  0  0  1 ...  0  -10.0       1 ...
411  0  0  0  0  0  0  1  0  0  1  0  0  0  1  0  0 ...  0  -10.0       1 ...
489  0  0  0  0  0  0  1  0  0  1  1  0  0  1  0  0 ...  0  -10.0       1 ...
498  1  0  0  0  0  0  1  0  0  0  1  0  0  0  0  0 ...  0  -10.0       1 ...
527  1  0  0  0  0  0  1  0  0  0  1  0  0  0  0  0 ...  0  -10.0       1 ...
537  0  1  0  0  0  0  0  1  0  1  0  0  0  0  0  0 ...  1  -10.0       1 ...
194  0  0  0  1  0  0  1  0  0  1  1  0  0  1  0  0 ...  0   -8.0       1 ...
198  0  0  0  1  0  0  0  0  1  0  0  0  0  1  0  0 ...  0   -8.0       1 ...
199  0  0  0  1  0  0  1  0  0  1  0  0  0  1  0  0 ...  0   -8.0       2 ...
200  0  0  0  1  0  0  0  0  0  1  0  0  1  1  0  0 ...  1   -8.0       1 ...
201  0  0  0  1  0  0  1  0  0  0  1  0  0  1  0  0 ...  0   -8.0       1 ...
202  0  0  1  0  1  0  0  0  0  0  0  0  0  0  0  0 ...  1   -8.0       1 ...
203  1  0  0  0  0  0  0  0  0  1  0  0  1  0  0  0 ...  1   -8.0       1 ...
204  0  0  0  0  0  0  1  0  0  1  1  0  0  1  0  0 ...  0   -8.0       1 ...
205  1  0  0  1  0  0  1  0  0  0  0  0  0  1  0  0 ...  0   -8.0       1 ...
206  0  0  0  1  0  0  0  0  1  0  0  0  1  0  0  0 ...  0   -8.0       2 ...
207  0  0  0  0  1  0  1  0  1  0  0  0  0  0  0  0 ...  0   -8.0       1 ...
208  0  1  0  0  0  0  0  1  0  1  0  0  0  1  0  0 ...  0   -8.0       1 ...
209  0  0  0  1  0  0  0  0  1  0  1  0  0  0  0  0 ...  0   -8.0       1 ...
210  0  0  0  0  0  0  1  1  0  0  1  0  0  1  0  0 ...  0   -8.0       1 ...
211  1  0  0  0  0  0  1  1  1  0  0  0  0  0  0  0 ...  0   -8.0       1 ...
212  0  0  0  1  1  0  0  0  0  0  0  0  0  0  0  0 ...  0   -8.0       1 ...
213  0  0  0  1  0  0  0  1  1  0  0  0  0  0  0  1 ...  0   -8.0       1 ...
214  1  0  0  0  0  0  1  1  0  0  1  0  0  1  0  0 ...  0   -8.0       1 ...
215  0  0  0  0  0  0  1  0  1  0  0  0  0  0  0  0 ...  0   -8.0       1 ...
216  0  0  0  0  0  0  0  0  0  0  0  0  1  0  0  0 ...  1   -8.0       1 ...
217  0  0  1  0  0  0  0  0  0  0  1  0  0  1  0  0 ...  1   -8.0       1 ...
218  0  0  0  0  0  1  1  0  0  1  0  0  0  1  0  0 ...  0   -8.0       1 ...
219  1  0  1  0  0  0  0  1  0  0  0  0  0  1  0  0 ...  0   -8.0       1 ...
220  0  0  0  0  0  1  0  0  0  0  0  0  1  1  0  0 ...  1   -8.0       1 ...
221  0  0  0  0  0  0  1  0  0  0  0  0  0  1  0  0 ...  0   -8.0       1 ...
222  0  1  0  0  0  0  0  1  0  0  0  0  1  0  0  0 ...  1   -8.0       1 ...
223  0  0  0  0  0  1  0  1  0  1  0  0  0  1  0  0 ...  0   -8.0       1 ...
224  1  0  0  1  0  0  0  0  1  0  0  0  0  0  0  0 ...  0   -8.0       1 ...
225  0  0  0  1  0  0  0  0  0  0  0  0  1  1  0  0 ...  0   -8.0       1 ...
226  0  0  0  0  1  0  0  0  0  0  1  0  0  0  0  0 ...  1   -8.0       1 ...
227  0  0  0  1  0  0  1  0  0  0  0  0  0  1  0  0 ...  0   -8.0       1 ...
228  1  0  0  0  0  0  1  0  0  0  1  0  0  1  0  0 ...  0   -8.0       1 ...
229  0  0  0  0  0  0  1  0  1  0  0  0  0  0  0  0 ...  0   -8.0       1 ...
230  0  0  0  1  1  0  0  0  0  0  0  0  1  0  0  0 ...  0   -8.0       1 ...
231  0  0  0  1  1  0  0  0  0  0  0  0  0  0  0  0 ...  0   -8.0       1 ...
232  0  0  0  1  0  0  0  0  0  1  0  0  1  0  0  0 ...  0   -8.0       1 ...
233  0  0  0  1  1  0  0  0  0  0  0  0  0  0  0  0 ...  0   -8.0       1 ...
234  0  0  0  0  0  0  1  0  0  1  0  0  0  1  0  0 ...  0   -8.0       1 ...
235  0  0  0  1  0  0  0  0  0  0  0  0  0  1  0  0 ...  0   -8.0       1 ...
236  0  0  0  1  0  1  0  0  1  0  0  0  0  0  0  0 ...  0   -8.0       1 ...
237  1  0  1  0  1  0  0  0  0  0  0  0  0  0  0  0 ...  1   -8.0       1 ...
238  0  0  1  0  0  0  1  0  0  0  1  0  0  1  0  0 ...  0   -8.0       1 ...
239  1  0  0  0  0  0  0  1  0  0  0  0  0  0  1  0 ...  1   -8.0       1 ...
240  1  0  0  0  0  0  0  1  0  0  0  0  0  0  0  0 ...  1   -8.0       1 ...
241  0  0  0  1  0  0  0  0  0  0  0  0  0  0  0  0 ...  0   -8.0       1 ...
242  0  0  0  0  0  0  1  0  0  0  1  0  0  1  0  0 ...  0   -8.0       1 ...
243  0  0  0  1  0  0  0  0  1  0  0  0  0  1  0  0 ...  0   -8.0       1 ...
244  0  0  0  0  0  0  1  1  0  1  1  0  0  1  0  0 ...  0   -8.0       1 ...
245  0  0  1  0  0  0  1  0  1  0  0  0  0  0  0  0 ...  0   -8.0       1 ...
246  0  0  0  0  0  0  1  0  1  0  0  0  0  0  1  0 ...  0   -8.0       1 ...
247  1  0  0  0  0  0  0  0  0  0  0  0  1  0  0  0 ...  1   -8.0       1 ...
248  0  0  0  0  0  0  1  1  1  0  0  0  0  0  1  0 ...  0   -8.0       1 ...
249  1  0  0  0  1  0  0  0  0  0  0  1  0  0  0  0 ...  0   -8.0       1 ...
250  0  0  0  1  0  0  1  0  1  0  0  0  0  0  1  0 ...  0   -8.0       1 ...
251  1  0  0  0  0  0  1  0  0  0  0  0  0  1  0  0 ...  0   -8.0       1 ...
252  0  0  1  0  0  0  0  1  0  0  0  0  0  1  0  0 ...  0   -8.0       1 ...
253  0  0  0  0  1  0  0  0  0  0  0  0  0  0  0  0 ...  0   -8.0       1 ...
254  1  0  0  0  1  0  0  1  0  0  0  0  0  0  0  0 ...  1   -8.0       1 ...
255  0  0  1  0  0  0  1  0  1  0  0  0  0  0  0  0 ...  0   -8.0       1 ...
256  1  0  0  1  0  0  0  0  1  0  0  0  0  0  0  0 ...  0   -8.0       1 ...
257  1  0  0  0  0  0  1  1  1  0  0  0  0  0  1  0 ...  0   -8.0       1 ...
258  0  0  0  1  0  0  1  0  0  0  0  0  0  0  0  0 ...  0   -8.0       1 ...
259  0  0  0  1  1  0  0  0  0  0  0  0  1  0  0  0 ...  1   -8.0       1 ...
260  0  0  0  0  0  0  1  0  0  0  0  0  0  1  0  0 ...  0   -8.0       1 ...
261  0  0  0  0  0  0  1  0  0  0  1  0  0  1  0  0 ...  0   -8.0       1 ...
262  0  0  0  1  0  0  1  0  1  0  0  0  0  0  0  0 ...  0   -8.0       1 ...
263  0  0  0  1  0  0  1  0  0  0  0  0  0  0  0  0 ...  0   -8.0       2 ...
264  1  0  0  0  0  0  1  1  1  0  0  0  0  0  0  0 ...  0   -8.0       1 ...
265  0  0  0  1  0  0  0  0  0  0  0  0  0  1  0  0 ...  0   -8.0       1 ...
266  0  0  0  1  0  0  0  0  0  0  0  0  1  0  0  0 ...  0   -8.0       1 ...
267  1  0  0  0  1  0  0  0  0  0  0  1  0  0  0  0 ...  1   -8.0       1 ...
268  0  0  1  0  0  0  0  1  0  1  0  0  0  1  0  0 ...  0   -8.0       1 ...
269  0  0  0  0  0  0  1  0  0  0  0  0  0  0  0  0 ...  1   -8.0       1 ...
270  0  0  1  0  0  0  0  1  0  0  1  0  0  0  0  0 ...  1   -8.0       1 ...
271  1  0  0  0  1  0  1  0  0  0  0  0  0  0  0  0 ...  0   -8.0       1 ...
272  0  0  0  1  0  0  1  0  1  0  0  0  0  0  0  0 ...  0   -8.0       1 ...
273  0  0  0  0  0  0  1  0  0  0  0  0  0  1  1  0 ...  0   -8.0       1 ...
274  1  0  0  0  0  0  1  0  0  0  1  0  0  1  0  0 ...  0   -8.0       1 ...
275  0  0  0  1  1  0  0  0  1  0  0  0  0  0  0  0 ...  0   -8.0       1 ...
276  1  0  0  0  0  0  1  0  0  1  0  0  0  0  0  0 ...  0   -8.0       1 ...
277  0  0  0  0  0  0  1  0  1  0  0  0  0  0  0  0 ...  0   -8.0       1 ...
278  0  0  0  0  0  0  1  0  0  0  0  0  0  0  1  0 ...  0   -8.0       1 ...
279  0  0  0  1  0  0  0  0  0  0  0  0  1  0  0  0 ...  0   -8.0       1 ...
280  1  0  0  0  0  0  0  1  0  0  0  0  0  0  1  0 ...  0   -8.0       1 ...
281  0  0  0  1  0  0  1  0  0  0  1  0  0  0  0  0 ...  0   -8.0       1 ...
282  0  0  1  1  1  0  0  0  0  0  0  0  1  0  0  0 ...  0   -8.0       1 ...
283  0  0  1  0  1  0  0  0  0  0  0  0  0  0  0  0 ...  0   -8.0       1 ...
284  1  0  0  0  0  0  1  0  1  0  0  0  0  0  0  0 ...  0   -8.0       1 ...
285  0  0  0  0  0  0  1  0  0  1  0  0  0  0  0  0 ...  0   -8.0       1 ...
286  0  0  0  0  0  0  0  0  0  0  0  0  0  0  0  0 ...  1   -8.0       1 ...
287  0  0  1  0  0  0  0  1  0  0  1  0  0  0  0  0 ...  0   -8.0       1 ...
288  0  0  0  0  0  0  1  0  1  0  0  0  0  0  0  0 ...  0   -8.0       1 ...
289  1  0  1  0  1  0  0  0  0  0  0  0  0  0  0  0 ...  1   -8.0       1 ...
290  0  1  1  0  0  0  0  1  0  0  0  0  0  0  0  1 ...  0   -8.0       1 ...
291  0  0  0  0  0  0  1  0  0  1  0  0  0  1  0  0 ...  0   -8.0       1 ...
292  1  0  0  0  1  0  0  0  0  0  0  0  1  0  0  0 ...  0   -8.0       1 ...
293  0  0  1  0  0  0  0  1  0  0  0  1  0  0  1  0 ...  0   -8.0       1 ...
294  0  0  0  0  0  0  1  0  1  0  0  0  0  0  0  0 ...  0   -8.0       1 ...
295  1  0  0  0  1  0  1  0  0  0  0  0  0  0  0  0 ...  0   -8.0       1 ...
296  1  0  1  0  1  0  0  0  0  0  1  0  0  0  0  0 ...  0   -8.0       1 ...
297  0  1  0  1  0  0  1  0  0  1  0  0  0  0  0  0 ...  0   -8.0       1 ...
298  0  0  0  1  1  0  0  0  0  0  0  0  0  0  0  0 ...  0   -8.0       1 ...
299  0  1  0  0  0  0  0  1  0  0  0  0  1  0  0  1 ...  1   -8.0       1 ...
300  0  0  0  0  0  0  1  0  0  0  0  0  0  0  0  0 ...  0   -8.0       1 ...
301  1  0  0  0  1  0  0  0  0  0  0  0  1  0  0  1 ...  1   -8.0       1 ...
302  0  0  0  0  0  1  0  0  0  1  0  0  0  1  0  0 ...  0   -8.0       1 ...
303  0  0  1  0  0  0  1  0  1  0  0  0  0  0  0  0 ...  0   -8.0       1 ...
304  1  0  0  0  0  0  0  1  0  0  1  0  0  0  0  0 ...  1   -8.0       1 ...
305  0  0  0  0  0  0  1  0  1  0  1  0  0  0  0  0 ...  1   -8.0       1 ...
306  0  0  1  0  0  0  0  1  0  0  0  0  0  1  1  0 ...  0   -8.0       1 ...
307  0  0  0  1  1  0  0  0  0  1  0  0  0  0  0  0 ...  0   -8.0       1 ...
308  0  0  0  0  0  0  0  0  0  0  1  0  0  0  0  0 ...  0   -8.0       1 ...
309  1  0  0  0  0  0  0  1  0  0  0  0  0  0  0  0 ...  0   -8.0       1 ...
310  0  0  0  0  0  1  0  0  0  0  0  0  0  1  0  0 ...  0   -8.0       1 ...
311  1  0  0  0  0  0  1  1  0  0  1  0  0  0  0  0 ...  0   -8.0       1 ...
312  1  0  0  0  0  0  1  0  0  1  0  0  0  1  0  0 ...  0   -8.0       1 ...
313  0  0  0  0  1  0  0  0  0  0  0  0  0  0  0  0 ...  0   -8.0       1 ...
314  1  0  1  0  0  0  1  0  0  0  0  0  0  1  0  0 ...  0   -8.0       1 ...
315  0  0  0  1  1  0  0  0  0  0  0  0  1  0  0  1 ...  0   -8.0       1 ...
316  0  1  0  0  0  0  1  0  1  0  0  0  0  0  0  0 ...  0   -8.0       1 ...
317  0  0  1  0  0  0  0  0  0  1  0  0  0  1  0  0 ...  0   -8.0       1 ...
318  1  0  0  0  0  0  0  1  0  1  0  0  0  0  1  0 ...  0   -8.0       1 ...
319  0  0  0  0  0  0  1  0  1  0  0  0  0  0  0  0 ...  0   -8.0       1 ...
320  1  0  0  0  0  1  0  0  0  0  0  0  1  0  0  1 ...  0   -8.0       1 ...
321  1  0  0  0  0  1  0  0  0  0  0  0  1  0  1  0 ...  0   -8.0       1 ...
322  0  1  0  0  0  0  0  1  0  1  0  0  0  0  0  0 ...  1   -8.0       1 ...
323  1  0  0  0  0  1  1  0  1  0  0  0  0  0  0  0 ...  0   -8.0       1 ...
324  1  0  0  0  0  0  1  0  1  0  0  0  0  0  0  0 ...  1   -8.0       1 ...
325  0  1  0  0  0  0  1  1  0  0  0  0  0  1  0  0 ...  0   -8.0       1 ...
326  0  0  1  0  0  0  0  0  0  0  0  0  0  1  1  0 ...  0   -8.0       1 ...
327  0  0  1  0  1  0  0  0  0  0  0  0  1  0  0  1 ...  1   -8.0       1 ...
328  0  0  0  1  0  0  0  0  0  1  0  0  0  0  0  0 ...  0   -8.0       1 ...
329  0  0  0  0  0  0  0  0  1  0  0  0  0  0  0  1 ...  0   -8.0       1 ...
330  0  0  0  0  0  1  1  0  1  0  0  0  0  0  0  1 ...  0   -8.0       1 ...
331  0  1  0  0  0  0  1  0  0  0  0  1  0  0  0  0 ...  0   -8.0       1 ...
332  0  1  0  0  0  0  0  1  0  0  0  0  0  0  0  0 ...  0   -8.0       1 ...
333  0  1  0  0  0  0  1  0  0  0  0  0  0  0  0  0 ...  0   -8.0       1 ...
334  0  0  0  1  0  0  0  0  0  0  1  0  0  0  0  0 ...  0   -8.0       1 ...
335  0  0  1  0  0  0  0  1  1  0  0  0  0  0  0  0 ...  0   -8.0       1 ...
336  0  1  0  0  0  0  1  0  0  1  0  0  0  0  0  0 ...  0   -8.0       1 ...
337  1  0  0  0  0  0  1  0  0  0  0  0  0  0  0  0 ...  0   -8.0       1 ...
338  0  0  0  0  0  0  1  0  0  0  1  0  0  0  0  0 ...  1   -8.0       1 ...
339  0  1  0  0  0  0  1  0  0  1  0  0  0  1  0  0 ...  0   -8.0       1 ...
340  0  1  0  1  0  0  1  0  0  0  0  0  0  0  1  0 ...  0   -8.0       1 ...
341  1  0  0  0  1  0  0  0  0  0  0  1  0  0  0  0 ...  0   -8.0       1 ...
342  1  0  0  0  0  0  1  0  0  0  0  0  0  0  1  0 ...  0   -8.0       2 ...
343  1  0  0  0  0  0  1  0  0  0  0  0  1  0  0  0 ...  0   -8.0       1 ...
344  0  0  0  0  1  0  0  0  0  0  0  0  0  0  0  0 ...  0   -8.0       1 ...
345  0  1  0  0  1  0  0  0  0  0  0  0  0  0  0  0 ...  1   -8.0       1 ...
346  0  0  0  0  1  0  0  0  0  1  0  0  0  0  0  0 ...  1   -8.0       1 ...
347  0  0  0  1  0  0  1  0  0  0  0  0  0  0  0  0 ...  0   -8.0       1 ...
348  1  0  0  0  0  0  1  0  0  0  0  1  0  0  0  0 ...  0   -8.0       1 ...
349  0  0  1  1  0  0  0  0  0  0  0  0  0  1  0  0 ...  0   -8.0       1 ...
350  0  1  0  0  0  0  0  0  0  0  0  0  0  0  0  0 ...  1   -8.0       1 ...
351  1  0  0  0  0  0  1  1  0  0  0  0  0  0  1  0 ...  0   -8.0       1 ...
352  0  0  0  0  0  1  1  0  0  0  0  0  0  0  1  0 ...  0   -8.0       1 ...
353  0  1  0  0  0  0  0  1  0  1  0  0  0  0  0  0 ...  1   -8.0       1 ...
354  1  0  0  0  0  0  1  0  0  0  0  0  0  1  0  0 ...  0   -8.0       1 ...
355  0  1  0  0  0  0  0  0  0  0  0  0  0  0  0  0 ...  1   -8.0       1 ...
356  1  0  0  0  0  0  1  0  0  0  1  0  0  1  0  0 ...  0   -8.0       1 ...
357  0  1  0  0  0  0  1  0  0  0  0  0  0  1  0  0 ...  0   -8.0       1 ...
358  0  0  0  0  0  0  0  0  0  1  0  0  1  0  0  0 ...  0   -8.0       1 ...
359  1  0  0  0  0  0  1  0  0  0  0  0  0  1  0  0 ...  0   -8.0       1 ...
360  1  0  0  0  0  0  1  1  0  0  1  0  0  0  0  0 ...  0   -8.0       1 ...
361  1  0  0  0  0  0  1  0  0  0  1  0  0  0  1  0 ...  0   -8.0       1 ...
362  0  0  0  1  1  0  0  0  0  0  0  0  1  0  0  1 ...  0   -8.0       1 ...
363  0  0  0  1  1  0  0  0  0  0  0  0  0  0  0  0 ...  0   -8.0       2 ...
364  0  0  0  1  0  0  0  0  1  0  0  0  0  0  0  1 ...  0   -8.0       1 ...
365  0  0  1  0  1  0  0  0  0  0  0  0  0  0  0  1 ...  1   -8.0       1 ...
366  0  0  0  0  1  0  0  0  0  0  0  0  1  0  0  1 ...  1   -8.0       1 ...
367  0  0  0  0  0  0  1  0  0  1  0  0  0  1  0  0 ...  0   -8.0       1 ...
368  0  0  0  1  0  0  1  0  0  0  0  0  0  0  1  0 ...  0   -8.0       1 ...
369  0  1  0  0  0  0  0  1  0  0  0  1  0  0  1  0 ...  0   -8.0       1 ...
370  1  0  0  0  0  0  0  0  0  0  0  0  1  0  0  0 ...  1   -8.0       1 ...
371  1  0  0  0  0  1  0  0  0  1  0  0  0  1  0  0 ...  0   -8.0       1 ...
372  1  0  1  0  0  0  0  0  0  0  1  0  0  0  0  0 ...  1   -8.0       1 ...
373  0  1  0  0  0  1  0  0  0  0  0  0  1  0  1  0 ...  0   -8.0       1 ...
374  0  0  0  0  1  0  0  0  0  0  1  0  0  0  0  0 ...  1   -8.0       1 ...
375  1  0  0  0  0  0  1  0  0  0  0  0  0  0  1  0 ...  0   -8.0       1 ...
376  1  0  0  0  0  1  1  0  0  0  0  0  0  0  0  0 ...  0   -8.0       1 ...
377  0  0  0  0  0  0  1  0  0  1  0  0  0  0  0  0 ...  0   -8.0       1 ...
378  0  1  0  0  0  0  0  0  0  0  0  0  1  0  0  0 ...  0   -8.0       1 ...
379  1  0  1  0  0  0  1  0  1  0  0  0  0  0  0  0 ...  0   -8.0       1 ...
380  0  1  0  0  0  0  0  0  0  0  1  0  1  0  0  0 ...  0   -8.0       1 ...
381  0  1  0  0  0  0  1  0  0  0  0  0  0  0  1  0 ...  0   -8.0       1 ...
382  1  0  0  0  1  1  0  0  0  0  0  0  1  0  0  0 ...  0   -8.0       1 ...
383  0  1  1  0  0  0  1  0  0  0  0  0  0  0  1  0 ...  0   -8.0       1 ...
384  0  0  1  0  1  0  0  0  0  0  0  0  1  0  0  0 ...  0   -8.0       1 ...
385  1  0  1  0  0  0  0  0  0  0  0  1  0  0  1  0 ...  0   -8.0       1 ...
386  0  1  0  1  0  0  0  0  0  1  0  0  0  0  0  0 ...  0   -8.0       1 ...
387  1  0  0  0  0  0  1  0  1  0  0  0  0  0  0  0 ...  0   -8.0       1 ...
388  0  1  0  0  0  0  0  0  0  0  0  0  1  0  0  0 ...  0   -8.0       1 ...
389  1  0  0  0  0  0  1  0  0  0  0  0  0  0  1  0 ...  0   -8.0       1 ...
390  0  1  0  0  0  0  1  0  0  0  1  0  0  0  1  0 ...  0   -8.0       1 ...
391  1  0  0  0  0  0  1  0  0  0  0  0  0  0  1  0 ...  0   -8.0       1 ...
392  0  0  0  0  0  0  1  0  0  0  1  0  0  0  0  0 ...  0   -8.0       1 ...
393  1  1  0  0  0  0  0  0  0  0  0  0  1  0  0  0 ...  0   -8.0       1 ...
394  1  0  0  0  0  0  1  0  0  0  0  0  0  0  1  0 ...  0   -8.0       1 ...
395  0  1  0  0  0  0  1  0  0  0  0  0  0  0  0  0 ...  0   -8.0       1 ...
396  0  1  0  0  0  0  1  0  1  1  0  0  0  0  0  0 ...  0   -8.0       1 ...
397  1  1  0  0  0  0  0  0  0  0  0  0  0  0  1  0 ...  0   -8.0       1 ...
398  0  1  0  0  0  0  1  0  0  0  0  0  0  0  0  0 ...  0   -8.0       1 ...
399  0  1  0  0  0  0  1  0  0  1  0  0  0  0  0  0 ...  0   -8.0       1 ...
403  0  0  0  1  1  0  0  0  1  0  0  0  0  0  0  0 ...  0   -8.0       1 ...
405  0  0  0  0  0  0  1  0  0  0  1  0  0  1  0  0 ...  0   -8.0       1 ...
407  0  0  0  1  0  0  1  0  0  0  1  0  0  0  0  0 ...  0   -8.0       1 ...
408  0  0  0  1  1  0  0  0  0  0  1  0  0  0  0  0 ...  0   -8.0       1 ...
410  0  1  0  0  0  0  0  0  0  0  0  0  1  0  1  1 ...  0   -8.0       1 ...
412  0  0  0  1  0  0  1  0  0  0  0  0  0  1  0  0 ...  0   -8.0       1 ...
413  0  0  0  1  0  0  1  0  0  1  0  0  0  0  0  0 ...  0   -8.0       1 ...
414  0  0  0  0  1  0  0  0  0  0  0  0  1  0  0  0 ...  1   -8.0       1 ...
488  0  0  0  1  0  0  1  0  1  0  0  0  0  1  0  0 ...  0   -8.0       1 ...
491  0  0  0  0  0  0  1  0  0  0  1  0  0  0  0  0 ...  1   -8.0       1 ...
492  0  1  0  0  0  0  1  0  0  0  0  0  0  0  0  0 ...  0   -8.0       1 ...
495  1  0  0  1  1  0  0  0  0  0  0  0  0  0  0  0 ...  0   -8.0       1 ...
500  1  0  0  0  0  0  0  1  0  1  0  0  0  0  0  0 ...  1   -8.0       1 ...
502  0  1  0  0  0  0  1  0  0  0  0  0  0  0  1  0 ...  0   -8.0       1 ...
504  1  0  0  0  0  0  1  1  0  0  1  0  0  0  0  0 ...  0   -8.0       1 ...
526  1  0  1  0  0  0  0  1  1  0  0  0  0  0  0  0 ...  0   -8.0       1 ...
531  1  0  0  0  0  0  0  0  0  0  1  0  1  0  0  0 ...  1   -8.0       1 ...
533  0  0  1  0  0  0  0  1  0  0  0  0  0  1  0  1 ...  0   -8.0       1 ...
534  0  0  0  0  0  0  1  0  1  0  0  0  0  0  0  0 ...  0   -8.0       1 ...
535  0  0  0  1  0  0  1  0  0  1  0  0  0  0  0  0 ...  0   -8.0       1 ...
538  0  0  0  1  0  0  1  0  0  0  0  0  0  1  0  0 ...  0   -8.0       1 ...
415  0  0  0  0  0  0  1  0  0  1  1  0  0  1  0  0 ...  0   -6.0       1 ...
416  0  0  0  1  0  0  1  0  1  0  0  0  0  0  0  0 ...  0   -6.0       1 ...
417  0  0  1  0  0  0  0  1  0  0  1  0  0  1  0  0 ...  1   -6.0       1 ...
418  0  0  0  0  0  0  0  0  0  0  0  0  0  0  0  1 ...  0   -6.0       1 ...
419  0  0  0  1  0  0  1  0  0  1  0  0  0  0  0  0 ...  0   -6.0       1 ...
420  0  0  0  1  1  0  1  0  1  0  0  0  0  0  0  0 ...  0   -6.0       1 ...
421  0  0  1  0  0  0  0  1  0  0  0  1  0  1  0  1 ...  0   -6.0       1 ...
422  0  0  1  0  1  0  0  0  0  0  1  0  0  0  0  0 ...  1   -6.0       1 ...
423  1  0  0  0  1  1  0  0  0  0  0  0  1  1  0  0 ...  1   -6.0       1 ...
424  0  0  0  1  0  1  0  0  0  0  0  1  0  1  0  0 ...  0   -6.0       1 ...
425  1  0  0  0  0  0  1  0  1  0  0  0  0  0  1  0 ...  0   -6.0       1 ...
426  0  0  0  0  0  0  0  1  0  1  0  0  0  1  0  0 ...  0   -6.0       1 ...
427  1  0  0  0  0  0  0  1  0  1  0  0  0  0  0  0 ...  0   -6.0       1 ...
428  0  0  0  1  1  0  0  0  0  0  0  0  1  0  0  0 ...  1   -6.0       1 ...
429  1  0  1  0  0  0  0  1  1  0  0  0  0  0  1  0 ...  0   -6.0       1 ...
430  0  0  0  0  0  0  0  0  0  0  0  1  0  1  1  0 ...  0   -6.0       1 ...
431  0  0  0  0  0  0  1  0  0  1  0  0  0  1  0  0 ...  0   -6.0       1 ...
432  0  0  1  0  0  1  0  0  0  0  0  0  1  1  0  0 ...  0   -6.0       1 ...
433  0  0  1  0  0  0  0  1  0  0  0  0  0  0  0  0 ...  1   -6.0       1 ...
434  0  0  0  0  0  0  0  0  0  0  0  1  0  0  1  0 ...  0   -6.0       1 ...
435  0  0  0  1  1  0  0  0  0  1  0  0  0  0  0  0 ...  0   -6.0       1 ...
436  1  0  0  0  1  0  0  0  0  0  0  0  1  1  0  0 ...  1   -6.0       1 ...
437  1  0  0  0  1  0  0  1  0  0  0  0  0  0  0  0 ...  1   -6.0       1 ...
438  0  0  0  0  0  0  1  1  0  1  0  0  0  0  0  0 ...  0   -6.0       1 ...
439  0  0  0  0  0  0  1  1  1  0  0  0  0  0  0  0 ...  0   -6.0       1 ...
440  0  0  1  0  0  0  0  1  1  0  0  0  0  0  0  0 ...  0   -6.0       1 ...
441  0  0  1  1  0  0  0  1  0  0  0  0  0  0  0  0 ...  0   -6.0       1 ...
442  0  0  0  1  0  0  0  0  1  0  0  0  0  0  1  0 ...  0   -6.0       1 ...
443  1  0  0  0  1  0  0  0  0  0  0  1  0  0  1  0 ...  0   -6.0       1 ...
444  0  0  0  0  0  1  0  0  1  0  0  0  0  0  0  0 ...  1   -6.0       1 ...
445  0  1  0  0  0  0  0  0  0  1  0  0  0  0  0  0 ...  0   -6.0       1 ...
446  0  0  0  0  0  0  0  1  0  1  0  0  0  0  0  0 ...  0   -6.0       1 ...
447  0  0  1  0  0  0  0  1  0  0  1  0  0  1  0  0 ...  0   -6.0       1 ...
448  0  0  0  0  0  0  1  0  1  0  0  0  0  0  0  0 ...  0   -6.0       1 ...
449  0  0  0  1  0  0  1  0  0  1  0  0  0  0  0  0 ...  0   -6.0       1 ...
450  0  0  1  0  0  1  1  0  0  0  0  0  0  1  0  0 ...  0   -6.0       1 ...
451  1  0  0  0  0  0  0  0  0  0  1  0  1  0  0  0 ...  0   -6.0       1 ...
452  1  1  0  0  0  0  1  1  0  0  0  0  0  0  1  0 ...  0   -6.0       1 ...
453  0  0  0  1  0  0  1  0  0  1  0  0  0  0  0  0 ...  0   -6.0       1 ...
454  0  0  0  1  0  0  1  0  0  0  0  0  0  0  0  0 ...  0   -6.0       1 ...
455  1  1  0  0  0  0  1  0  0  0  0  0  0  0  1  0 ...  0   -6.0       1 ...
456  1  0  1  0  0  0  1  0  0  0  0  0  0  0  0  0 ...  0   -6.0       1 ...
457  0  0  0  1  0  0  0  0  0  0  0  0  0  0  0  0 ...  0   -6.0       1 ...
458  0  0  0  1  0  0  0  0  0  0  0  0  0  0  0  0 ...  0   -6.0       1 ...
459  1  0  0  0  0  0  1  0  0  0  0  0  1  0  0  0 ...  0   -6.0       1 ...
460  0  1  0  0  0  0  1  0  1  0  0  0  0  0  0  0 ...  0   -6.0       1 ...
461  0  0  0  0  0  0  0  0  0  0  0  0  1  0  0  0 ...  0   -6.0       1 ...
462  1  0  0  0  0  0  1  0  0  0  0  1  0  0  1  0 ...  0   -6.0       1 ...
463  0  0  1  0  0  0  0  1  0  0  0  1  0  0  0  0 ...  0   -6.0       1 ...
464  1  0  0  0  1  0  1  0  0  0  0  0  0  0  1  0 ...  0   -6.0       1 ...
465  1  0  0  0  1  0  1  0  1  0  0  0  0  0  0  0 ...  0   -6.0       1 ...
466  0  0  0  0  0  0  1  0  0  0  0  0  0  0  1  0 ...  0   -6.0       1 ...
467  0  0  0  0  0  0  1  0  1  0  0  0  0  0  0  0 ...  0   -6.0       1 ...
468  0  0  1  0  0  0  1  1  0  0  1  0  0  1  0  0 ...  0   -6.0       1 ...
469  0  0  0  0  0  0  0  1  0  1  0  0  0  1  0  0 ...  1   -6.0       1 ...
470  1  0  0  0  0  0  1  0  0  1  0  0  0  0  1  0 ...  0   -6.0       1 ...
471  0  0  0  0  0  0  1  0  0  0  0  0  1  0  1  0 ...  0   -6.0       1 ...
472  1  0  0  0  0  0  1  1  0  1  0  0  0  0  0  0 ...  0   -6.0       1 ...
473  0  1  0  0  0  0  1  0  0  0  0  0  0  0  0  0 ...  0   -6.0       1 ...
474  0  0  1  0  0  0  0  0  0  0  1  0  0  0  0  0 ...  0   -6.0       1 ...
475  1  0  0  0  0  0  1  0  1  0  0  0  0  0  0  0 ...  0   -6.0       1 ...
476  0  1  0  0  0  0  0  0  0  0  0  0  1  0  1  0 ...  1   -6.0       1 ...
477  0  1  0  0  1  0  0  0  0  0  0  0  0  0  0  0 ...  0   -6.0       1 ...
478  0  0  0  0  0  0  0  0  0  1  0  0  0  0  0  0 ...  0   -6.0       1 ...
479  0  1  0  0  0  0  0  1  0  1  0  0  0  0  0  1 ...  1   -6.0       1 ...
480  0  0  0  0  0  1  0  0  0  0  0  0  1  0  0  0 ...  0   -6.0       1 ...
481  1  0  1  0  0  0  0  1  0  0  1  0  0  0  0  0 ...  0   -6.0       1 ...
482  1  0  1  0  0  0  0  0  0  0  1  0  0  0  0  0 ...  0   -6.0       1 ...
483  0  1  0  0  0  0  1  0  0  1  1  0  0  0  0  0 ...  0   -6.0       1 ...
484  0  1  0  0  0  0  1  0  1  0  0  0  0  0  1  0 ...  0   -6.0       1 ...
485  1  0  0  0  0  1  0  0  0  1  0  0  1  0  0  0 ...  0   -6.0       1 ...
486  1  0  0  0  0  0  0  0  0  0  0  0  1  0  0  0 ...  0   -6.0       1 ...
487  1  1  0  0  0  0  1  0  0  0  0  0  1  0  0  0 ...  0   -6.0       1 ...
493  0  0  0  1  0  0  1  1  1  0  0  0  0  0  0  0 ...  0   -6.0       1 ...
494  1  0  1  0  1  0  0  0  0  0  0  0  1  0  0  0 ...  1   -6.0       1 ...
496  1  0  0  0  0  0  1  0  1  0  0  0  0  0  1  0 ...  0   -6.0       1 ...
499  0  1  0  0  0  0  1  0  0  1  1  0  0  1  0  0 ...  0   -6.0       1 ...
501  1  0  0  0  0  0  1  0  0  1  0  0  0  1  0  0 ...  0   -6.0       1 ...
532  0  0  1  0  0  0  1  0  0  0  1  0  0  0  1  0 ...  0   -6.0       1 ...
541  0  0  0  0  0  0  1  1  1  0  0  0  0  0  0  1 ...  0   -6.0       1 ...
497  1  1  0  0  0  0  0  0  0  0  0  0  1  0  0  0 ...  0   -4.0       1 ...
503  0  1  0  1  0  0  1  0  0  1  0  0  0  0  0  0 ...  0   -4.0       1 ...
505  0  0  1  1  0  0  0  0  1  0  0  0  0  1  0  0 ...  0   -4.0       1 ...
506  1  0  0  1  0  0  0  0  1  0  0  0  0  1  0  0 ...  0   -4.0       1 ...
507  0  0  0  1  0  0  1  0  1  0  1  0  0  0  0  0 ...  0   -4.0       1 ...
508  1  0  1  0  0  0  0  1  0  0  0  0  0  1  0  0 ...  0   -4.0       1 ...
509  1  0  0  0  0  1  1  0  0  0  1  0  0  1  0  0 ...  0   -4.0       1 ...
510  1  0  1  0  0  0  0  1  0  0  0  0  0  0  0  0 ...  0   -4.0       1 ...
511  0  0  0  1  1  0  1  0  0  0  0  0  0  0  1  0 ...  0   -4.0       1 ...
512  0  0  0  1  0  0  0  0  0  0  0  0  0  1  0  0 ...  0   -4.0       1 ...
513  0  0  0  0  0  1  0  0  1  0  0  0  0  0  0  0 ...  0   -4.0       1 ...
514  0  0  0  0  0  0  1  0  0  0  0  0  0  0  0  1 ...  0   -4.0       1 ...
515  0  0  0  0  0  1  0  0  0  1  0  0  1  0  0  1 ...  1   -4.0       1 ...
516  0  1  1  0  0  0  0  1  0  1  0  0  0  0  0  0 ...  1   -4.0       1 ...
517  0  0  0  1  0  1  0  0  0  1  0  0  1  0  0  1 ...  1   -4.0       1 ...
518  0  1  0  0  0  0  1  0  0  0  1  0  0  0  0  0 ...  0   -4.0       1 ...
519  0  0  0  1  0  1  0  0  0  0  0  0  1  0  0  1 ...  1   -4.0       1 ...
520  1  0  1  1  0  0  0  0  1  0  0  0  0  0  0  0 ...  0   -4.0       1 ...
521  0  0  0  0  1  0  0  0  0  0  0  0  0  0  0  0 ...  0   -4.0       1 ...
522  1  0  0  1  1  0  0  0  0  0  0  0  0  0  0  0 ...  0   -4.0       1 ...
523  0  0  0  0  0  0  0  1  0  0  0  0  0  0  0  0 ...  0   -4.0       1 ...
524  0  0  0  0  0  0  1  0  0  0  0  0  0  0  0  0 ...  0   -4.0       1 ...
525  0  0  1  0  0  0  0  0  0  0  0  0  0  0  1  0 ...  0   -4.0       1 ...
528  0  0  0  0  1  0  0  0  0  0  0  0  1  0  1  0 ...  0   -4.0       1 ...
529  0  0  0  0  0  1  0  0  0  0  0  0  0  0  0  0 ...  1   -4.0       1 ...
530  1  0  0  0  0  0  0  1  0  0  1  0  0  0  0  0 ...  0   -4.0       1 ...
540  0  0  0  0  0  0  1  1  0  1  1  0  0  1  0  0 ...  0   -4.0       1 ...
536  0  0  0  1  0  0  1  0  0  1  1  0  0  1  0  0 ...  0   -2.0       1 ...
539  0  0  0  1  0  0  0  1  0  1  0  0  0  0  0  1 ...  0   -2.0       1 ...
['BINARY', 542 rows, 600 samples, 32 variables]