    0  3  4  5  7  10  12  13  14  17  18  19  21  22  23  24  26  27  28  30  32  33  35  36  37  39  40  41  42  44  46  49  50  51  53  55  56  58  60  62  63  chain_break_fraction  energy  num_occurrences
0   1  1  0  0  0   0   0   1   0   0   0   0   0   0   1   0   0   0   1   0   0   1   0   0   0   0   0   0   0   0   0   0   1   0   0   0   0   0   0   1   0               0.00000   -14.0                1
1   0  1  0  0  0   0   0   1   0   0   0   0   0   0   1   0   1   0   0   0   1   0   0   0   0   0   0   0   0   0   1   1   0   0   0   0   0   0   0   0   1               0.00000   -14.0                1
2   0  0  1  0  0   0   0   0   1   1   0   0   0   0   0   0   0   0   0   0   0   0   0   0   1   0   1   0   0   0   0   0   1   1   0   0   0   0   0   0   1               0.00000   -12.0                1
3   0  0  0  0  1   0   0   1   0   0   0   1   0   0   0   1   0   0   0   0   0   0   0   0   0   1   0   0   0   0   0   0   1   0   0   0   0   0   0   1   0               0.00000   -12.0                1
4   0  0  1  0  0   0   0   0   1   0   0   1   0   0   0   1   0   0   0   0   0   0   0   1   0   0   0   1   0   0   0   0   0   0   1   0   0   1   0   0   1               0.00000   -12.0                1
5   1  0  0  0  0   0   0   0   0   0   0   0   0   0   1   0   0   0   1   0   0   1   0   0   0   0   0   0   0   0   0   0   1   0   0   0   0   0   0   1   0               0.00000   -12.0                1
6   0  0  0  0  1   0   1   1   0   1   0   0   0   0   0   0   0   0   0   0   1   0   0   0   0   0   0   0   0   0   1   0   0   1   0   0   0   1   0   0   0               0.00000   -12.0                1
7   0  0  0  0  0   0   0   0   1   0   0   1   0   0   0   1   0   0   0   0   0   0   0   0   0   0   0   1   0   0   0   0   0   0   1   0   0   1   0   0   0               0.00000   -12.0                1
8   0  0  0  0  0   0   0   1   0   1   0   0   0   0   0   0   0   0   1   1   0   0   0   0   0   0   1   0   0   0   0   0   1   0   0   0   0   0   0   0   1               0.00000   -12.0                1
9   1  0  0  0  0   0   1   0   0   0   0   0   0   1   0   1   0   0   0   0   0   0   1   0   0   0   0   1   0   0   0   0   0   0   0   0   0   1   0   0   0               0.00000   -12.0                1
10  0  1  0  0  0   0   0   0   1   0   0   0   0   0   0   0   1   0   0   0   0   0   0   0   1   0   0   1   0   0   0   0   0   0   0   0   0   0   0   0   1               0.00000   -12.0                1
11  0  0  0  0  0   0   0   1   0   0   0   1   0   0   0   0   0   0   0   1   1   0   0   0   0   0   0   0   1   0   0   1   0   0   0   0   0   0   0   0   1               0.00000   -12.0                1
12  1  0  0  0  1   0   0   1   0   0   0   1   0   0   0   0   0   0   0   1   0   0   0   0   0   0   0   0   0   0   0   0   1   0   0   0   0   0   1   0   0               0.00000   -12.0                1
13  0  1  0  0  0   0   0   1   0   0   0   0   0   0   1   0   1   0   0   0   1   0   0   1   0   0   0   0   0   0   1   0   0   0   0   0   0   1   0   0   0               0.02439   -10.0                1
14  0  0  1  0  0   0   0   0   0   0   0   0   1   0   0   0   0   1   0   0   0   1   0   0   0   0   0   0   0   0   1   0   1   0   0   0   0   0   0   0   1               0.02439   -12.0                1
15  0  0  1  0  0   0   0   0   0   1   0   0   0   0   0   1   0   0   0   0   0   0   0   0   1   0   0   0   0   0   1   0   1   0   0   0   0   0   0   0   1               0.00000   -10.0                1
16  1  0  1  0  0   0   0   0   0   0   0   0   1   0   0   0   0   1   0   0   0   1   0   0   0   0   0   0   0   0   1   0   0   0   0   0   0   1   0   0   0               0.00000   -10.0                1
17  0  0  1  0  0   0   0   0   1   1   0   0   0   0   0   0   0   1   0   0   0   0   0   0   0   0   0   0   0   0   1   0   1   0   0   0   0   1   0   0   0               0.00000   -10.0                1
18  0  0  1  0  0   0   0   0   0   1   0   0   0   0   0   0   0   1   0   0   0   1   0   0   0   0   0   0   0   0   1   0   0   0   0   0   1   1   0   0   0               0.00000   -10.0                1
19  0  0  0  0  0   0   0   0   0   0   0   0   1   0   0   0   0   1   0   0   0   1   0   0   0   0   0   0   0   1   0   0   1   0   0   0   0   0   0   0   0               0.00000   -10.0                1
20  0  0  1  0  0   0   0   0   0   0   0   0   0   0   1   1   0   1   0   0   0   0   0   0   0   1   1   0   0   0   0   0   1   0   0   0   0   0   0   1   0               0.00000   -10.0                1
21  0  0  1  0  0   0   0   0   1   0   0   1   0   0   0   1   0   0   0   0   0   1   0   0   0   0   0   1   0   0   0   0   0   0   1   0   0   1   0   0   1               0.00000   -10.0                1
22  1  0  0  0  0   0   0   1   0   0   0   0   0   0   1   0   1   0   0   0   0   1   0   0   0   0   0   0   0   0   1   0   0   0   0   0   0   0   0   0   0               0.00000   -10.0                1
23  0  0  1  0  0   0   0   0   0   0   0   0   1   0   0   0   1   0   0   0   0   0   0   0   0   0   0   1   0   0   0   0   0   1   0   1   0   0   0   0   0               0.00000   -10.0                1
24  0  0  0  0  0   1   0   0   0   0   0   0   0   0   0   0   0   0   0   1   0   1   0   0   0   0   0   1   0   0   0   0   0   0   1   0   1   0   0   0   1               0.00000   -10.0                1
25  0  0  1  1  0   0   0   0   0   1   0   0   0   0   0   0   0   1   0   0   0   0   0   0   0   0   0   0   0   0   0   0   0   0   0   1   0   1   0   0   0               0.00000   -10.0                1
26  0  1  0  0  0   0   0   1   0   1   0   0   0   0   0   0   0   0   1   0   1   0   0   0   0   0   0   0   0   0   1   0   0   0   0   0   0   1   0   0   0               0.00000   -10.0                1
27  0  1  0  0  0   0   0   1   0   0   1   0   0   0   1   1   0   0   0   0   0   0   0   0   0   0   0   0   0   0   1   1   0   0   0   0   0   0   0   0   0               0.00000   -10.0                1
28  0  1  0  0  0   0   0   1   0   0   0   0   0   0   1   1   0   0   0   0   0   0   0   0   0   0   0   0   0   0   0   0   1   0   0   0   0   0   0   1   0               0.00000   -10.0                1
29  1  1  0  0  0   0   0   1   0   0   0   0   0   0   0   0   0   0   0   0   0   1   0   0   0   0   0   0   0   0   1   0   0   0   0   0   0   1   0   0   0               0.00000   -10.0                1
30  0  0  0  1  0   0   0   0   0   0   0   0   0   1   0   1   0   0   0   0   0   0   1   0   0   0   0   0   0   0   0   1   0   0   0   0   0   0   0   0   1               0.00000   -10.0                1
31  0  0  1  0  0   0   0   0   0   0   0   0   0   0   1   0   0   0   0   0   0   0   1   0   0   0   1   0   0   0   0   0   1   0   0   0   0   0   0   0   0               0.00000   -10.0                1
32  0  0  0  0  0   0   0   1   0   0   0   0   0   0   0   1   0   0   0   0   0   0   0   1   0   0   0   0   0   0   1   1   0   0   0   0   0   0   0   1   0               0.00000   -10.0                1
33  1  0  0  0  0   0   0   0   1   1   0   0   0   0   0   0   1   0   0   0   0   0   0   0   0   0   0   1   0   0   0   0   0   0   0   1   0   0   1   0   0               0.00000   -10.0                1
34  1  0  0  0  0   0   0   0   1   0   0   1   0   0   0   0   0   0   0   0   0   0   0   0   0   0   0   1   0   0   0   0   0   0   1   0   0   1   0   0   1               0.00000   -10.0                1
35  1  0  0  0  0   0   0   1   0   0   0   1   0   0   0   0   0   0   0   1   0   0   0   1   0   0   0   0   1   0   0   1   0   0   0   0   0   0   0   1   0               0.00000   -10.0                1
36  0  0  0  1  0   0   0   0   0   0   0   1   0   0   0   0   0   0   0   1   1   0   0   0   0   0   0   0   0   0   0   1   0   0   0   0   0   0   1   0   1               0.00000   -10.0                1
37  0  1  0  0  0   0   0   1   0   0   1   0   0   0   0   0   0   0   0   1   0   0   0   0   0   0   1   0   0   0   0   0   0   0   0   1   0   0   1   0   0               0.02439   -12.0                1
38  1  0  0  0  0   0   0   1   0   0   0   0   0   0   0   0   0   0   1   0   0   1   0   0   0   0   0   0   0   0   0   0   0   0   0   0   0   1   0   0   0               0.02439   -10.0                1
39  1  0  0  0  0   0   0   0   0   0   1   0   0   0   0   0   0   0   1   0   0   0   0   0   0   1   0   1   0   0   0   0   0   1   0   0   0   0   0   1   0               0.02439   -12.0                1
40  1  0  0  0  0   0   0   1   0   1   0   0   0   0   0   0   0   0   0   1   0   0   0   0   0   1   0   0   0   0   0   0   0   0   0   1   0   0   0   0   0               0.00000    -8.0                1
41  1  0  0  0  0   0   0   1   0   0   0   0   0   1   0   0   0   0   0   0   0   1   0   0   0   0   0   0   0   0   0   0   0   0   1   0   0   1   0   0   0               0.00000    -8.0                1
42  0  0  1  0  0   0   0   0   0   0   0   0   0   0   0   1   1   0   0   0   0   0   0   0   1   0   0   1   0   0   0   0   1   0   0   0   0   0   0   0   1               0.00000    -8.0                1
43  0  0  0  1  0   0   0   1   0   1   0   0   0   0   0   0   0   0   1   0   0   0   0   0   0   1   0   0   0   0   0   0   0   0   0   0   1   0   0   0   0               0.00000    -8.0                1
44  0  0  0  1  0   0   0   0   0   0   0   1   0   0   0   1   0   0   0   0   0   0   0   0   0   1   0   1   0   0   0   0   0   0   0   1   0   1   0   0   0               0.00000    -8.0                1
45  1  0  1  0  0   0   0   0   0   0   0   1   0   0   0   0   0   1   0   0   0   0   0   0   0   1   0   0   0   0   0   1   0   0   0   0   0   0   0   1   0               0.00000    -8.0                1
46  0  0  0  0  1   0   0   0   1   1   0   0   0   0   0   1   0   1   0   0   0   0   0   0   1   0   0   0   0   0   0   0   1   0   0   0   0   0   1   0   0               0.00000    -8.0                1
47  0  0  0  0  0   0   0   0   1   0   0   1   0   0   0   1   0   0   0   0   0   0   0   0   1   1   0   1   0   0   0   0   1   0   0   0   0   0   0   0   1               0.00000    -8.0                1
48  0  0  0  1  0   0   0   1   0   0   0   0   0   0   0   1   0   0   0   0   0   0   1   0   0   1   0   0   0   0   0   0   1   0   0   0   0   0   0   1   0               0.00000    -8.0                1
49  0  1  1  0  0   0   0   0   0   0   0   0   0   0   0   1   0   0   0   0   0   0   1   0   0   0   0   0   0   0   1   0   1   0   0   0   0   0   0   0   1               0.00000    -8.0                1
50  0  0  0  0  0   0   0   0   0   0   0   0   1   0   0   1   1   0   0   0   0   0   0   0   0   0   0   1   0   0   0   0   0   0   0   1   0   0   1   0   0               0.00000    -8.0                1
51  0  0  0  0  0   0   0   0   1   0   0   1   0   0   0   1   0   0   0   0   0   0   0   0   0   1   1   0   0   0   0   0   1   0   0   0   0   0   0   0   1               0.00000    -8.0                1
52  0  1  0  0  0   0   0   1   0   0   0   0   0   0   1   1   0   0   0   0   0   0   0   0   0   0   1   0   0   0   0   0   1   0   0   0   0   0   1   0   0               0.00000    -8.0                1
53  1  1  0  0  0   0   0   0   0   0   0   0   0   1   0   0   1   0   0   0   1   0   0   0   0   0   0   0   0   0   1   1   0   0   0   0   0   0   0   0   0               0.00000    -8.0                1
54  0  0  0  1  0   0   0   1   0   1   1   0   0   0   0   0   0   0   0   1   0   0   0   1   0   0   0   0   0   0   0   0   0   0   0   0   1   0   0   0   0               0.00000    -8.0                1
55  0  1  0  0  0   0   0   0   0   0   1   0   0   0   1   1   0   0   0   0   0   0   0   1   0   0   0   0   0   0   1   1   0   0   0   0   0   0   0   0   0               0.00000    -8.0                1
56  0  0  0  1  0   0   0   0   0   0   1   0   0   1   0   1   0   0   1   0   0   0   0   0   0   0   0   1   0   0   0   0   0   1   0   0   0   0   0   1   0               0.00000    -8.0                1
57  0  1  0  0  0   0   0   1   0   0   0   0   0   1   0   0   1   0   0   0   1   0   0   0   0   0   0   0   0   0   0   1   0   1   0   0   0   0   0   0   0               0.00000    -8.0                1
58  0  0  0  0  0   0   0   0   0   1   0   0   0   0   0   0   0   0   0   1   1   0   0   0   0   0   1   0   0   0   0   0   0   0   0   1   0   0   1   0   0               0.02439   -10.0                1
59  0  0  1  0  0   0   0   0   1   0   0   1   0   0   0   1   0   0   0   0   0   0   0   0   0   0   0   0   0   0   0   0   1   0   0   0   0   1   0   0   0               0.02439   -10.0                1
60  0  0  1  0  0   0   0   0   1   0   0   1   0   0   0   0   1   0   0   0   0   0   0   0   0   1   0   0   0   0   0   0   0   0   0   0   0   1   0   0   0               0.02439    -8.0                1
61  0  0  0  0  1   0   0   0   0   0   0   0   0   0   0   1   0   0   0   0   0   0   0   0   1   0   0   1   0   0   0   0   1   0   0   0   0   0   0   1   0               0.02439   -10.0                1
62  0  1  1  0  0   0   0   0   0   0   0   0   0   0   0   1   0   0   0   0   0   0   0   0   0   0   0   0   0   0   1   1   1   0   0   0   0   0   0   0   1               0.02439    -8.0                1
63  0  0  1  0  0   0   0   0   0   0   0   0   0   0   0   1   0   0   0   0   0   1   0   0   0   0   0   0   0   0   0   0   0   0   0   1   0   1   0   0   1               0.00000    -6.0                1
64  0  0  1  0  0   0   0   0   0   0   0   0   0   0   1   1   1   0   0   0   0   0   0   0   1   0   0   0   0   0   1   0   1   0   0   0   0   0   0   0   1               0.00000    -6.0                1
65  1  0  0  0  0   0   0   1   0   0   0   0   1   0   1   1   1   0   0   0   0   0   0   0   0   0   0   0   0   0   1   0   1   0   0   0   0   0   0   0   0               0.00000    -6.0                1
66  1  0  1  0  0   0   0   1   0   0   0   0   0   0   1   0   0   0   1   0   0   0   0   0   0   1   0   0   0   0   0   0   0   1   0   0   0   0   0   1   0               0.00000    -6.0                1
67  0  0  1  0  0   1   0   0   0   0   0   0   0   0   0   0   0   1   0   0   0   0   0   0   0   0   1   0   0   0   0   1   1   0   0   0   0   0   0   0   0               0.00000    -6.0                1
68  1  0  0  0  0   0   0   1   0   0   0   0   0   0   1   1   0   0   0   0   0   1   0   0   0   0   0   0   0   0   0   0   0   0   0   1   0   1   0   0   0               0.00000    -6.0                1
69  0  0  0  0  0   0   0   1   0   1   0   1   0   0   0   0   0   0   1   0   0   0   0   0   0   1   0   0   0   0   0   0   1   0   0   0   0   0   0   1   1               0.00000    -6.0                1
70  0  1  1  0  0   0   0   0   1   0   0   0   0   0   0   0   1   0   0   0   0   0   0   0   0   0   1   0   0   0   0   0   1   0   0   0   0   0   0   0   0               0.00000    -6.0                1
71  0  0  0  0  0   0   0   0   1   1   0   0   1   0   0   0   0   0   0   0   0   0   0   1   0   0   0   0   0   0   0   0   0   1   0   0   0   1   0   0   0               0.00000    -6.0                1
72  1  0  1  0  0   0   0   0   0   0   0   0   0   0   1   1   0   0   0   0   0   0   0   0   0   0   0   1   0   0   0   0   0   0   0   0   0   0   0   0   0               0.00000    -6.0                1
73  0  0  0  0  0   0   0   1   0   0   1   0   0   0   0   0   1   0   0   0   0   0   0   0   1   0   0   0   0   0   0   1   0   0   0   0   0   0   0   1   0               0.00000    -6.0                1
74  1  0  0  1  0   0   0   0   0   0   0   0   0   1   0   0   1   0   0   0   0   0   0   0   1   0   0   1   0   0   0   1   0   0   0   0   0   0   0   0   1               0.00000    -6.0                1
75  0  0  0  1  0   0   0   1   0   0   0   0   0   0   1   0   0   1   0   0   0   0   0   0   0   0   0   0   0   0   0   1   0   0   0   0   0   0   0   1   0               0.00000    -6.0                1
76  0  1  1  0  0   0   0   0   1   0   0   0   0   0   0   1   0   0   0   0   0   0   0   0   0   0   0   1   0   0   0   0   0   0   0   0   0   0   0   1   1               0.00000    -6.0                1
77  1  0  0  0  0   0   0   1   0   0   1   0   0   0   0   0   1   0   0   0   0   0   0   0   0   1   0   0   0   0   0   0   0   1   0   0   0   0   0   0   0               0.02439    -8.0                1
78  0  0  0  0  0   0   0   0   0   0   0   0   0   0   1   1   0   0   0   0   0   1   0   0   0   0   0   0   0   0   1   0   1   0   0   0   0   0   0   1   0               0.02439    -8.0                1
79  1  0  0  0  0   0   1   0   0   1   0   0   0   0   1   0   0   0   0   0   1   0   0   0   0   0   0   0   0   0   1   0   0   0   0   0   0   1   0   0   0               0.02439    -8.0                1
80  0  0  1  0  0   0   0   1   0   0   0   0   0   0   1   1   1   1   0   0   0   0   0   0   0   0   0   0   0   0   1   0   0   0   0   0   0   1   0   0   0               0.04878    -2.0                1
81  0  1  0  0  0   0   0   1   0   1   0   0   0   0   0   0   0   0   0   0   0   0   0   1   0   0   0   0   0   0   1   0   1   0   0   0   0   0   0   0   1               0.02439    -8.0                1
82  0  0  0  0  0   0   0   0   0   0   0   0   1   1   0   1   0   0   0   0   0   0   0   0   1   0   0   1   0   0   0   0   0   0   0   0   0   0   0   0   1               0.02439    -8.0                1
83  0  0  0  0  0   0   0   1   0   1   0   0   0   0   0   0   0   1   0   0   1   1   0   0   0   0   0   0   0   0   1   0   0   0   0   0   0   1   0   0   0               0.04878    -8.0                1
84  0  1  0  0  1   0   0   0   0   0   0   1   0   0   0   1   0   0   0   0   0   0   0   1   0   0   0   0   0   0   0   0   0   0   1   0   0   1   0   0   0               0.02439    -8.0                1
85  1  0  0  0  0   0   0   0   0   0   0   0   1   0   0   0   1   0   0   0   0   0   0   0   0   0   0   1   0   0   0   0   0   0   0   0   0   1   0   0   0               0.04878    -8.0                1
86  1  1  0  0  0   0   0   0   0   0   0   0   0   1   0   0   1   0   0   0   1   0   0   0   0   0   0   0   0   0   0   0   0   0   0   1   0   1   0   0   0               0.02439    -8.0                1
87  0  0  0  0  1   0   0   0   0   1   0   1   0   0   0   0   0   0   0   0   0   0   0   1   0   0   0   0   0   0   1   0   0   0   0   0   1   0   0   0   0               0.02439    -6.0                1
88  0  0  0  0  0   0   0   0   1   0   1   0   0   0   0   1   0   0   0   0   0   1   0   0   1   0   0   0   0   1   0   0   0   0   0   0   1   0   0   0   0               0.00000    -4.0                1
89  0  0  1  0  0   0   0   0   0   0   0   0   0   0   1   1   0   0   0   0   0   1   0   1   0   0   0   0   0   0   1   1   1   0   0   0   0   0   0   1   0               0.00000    -4.0                1
90  0  0  1  0  0   0   0   0   0   0   0   1   0   1   0   1   0   0   0   1   0   0   0   0   0   0   0   0   0   0   0   1   0   0   0   0   0   0   0   0   0               0.00000    -4.0                1
91  1  0  0  0  0   0   0   1   0   0   0   0   1   0   1   1   1   0   0   0   0   0   0   1   0   0   0   0   0   0   0   1   0   0   0   0   0   0   0   0   0               0.00000    -4.0                1
92  0  0  0  0  0   0   0   1   0   0   0   1   0   0   0   1   1   0   0   0   0   0   0   0   0   1   0   0   0   0   0   0   0   0   0   0   0   1   0   0   0               0.02439    -6.0                1
93  0  1  1  0  0   0   0   0   1   0   0   0   0   0   0   0   1   0   0   0   0   0   0   0   0   0   0   1   0   0   0   0   0   0   0   1   0   0   0   0   0               0.04878   -10.0                1
94  1  0  0  0  0   0   0   1   0   0   0   1   0   0   0   1   1   0   0   0   0   0   0   0   0   1   0   0   0   0   0   0   1   0   0   0   0   0   0   0   1               0.04878    -4.0                1
95  0  0  0  0  0   0   0   0   0   0   0   0   1   0   1   0   0   0   0   0   0   0   0   1   0   0   0   1   0   0   0   0   1   0   0   0   1   0   0   0   0               0.02439    -4.0                1
96  0  1  0  0  0   0   0   1   1   1   0   0   0   0   0   1   0   0   0   0   0   0   0   0   1   0   1   0   0   0   0   0   0   0   0   1   0   0   0   0   0               0.00000    -2.0                1
97  0  1  0  0  0   0   0   1   0   0   0   0   0   1   1   0   0   0   0   0   0   0   0   0   1   0   0   0   0   0   0   0   1   0   0   0   1   0   0   0   1               0.00000    -2.0                1
98  0  0  0  0  1   0   0   0   0   1   0   0   0   0   1   0   0   1   0   0   0   0   0   0   0   0   1   0   0   0   0   0   1   0   0   0   0   0   0   0   0               0.04878    -8.0                1
99  0  1  0  0  0   0   0   1   0   1   0   0   1   0   1   1   0   0   0   0   0   0   0   1   0   0   0   0   0   0   0   0   1   0   0   0   0   0   0   0   0               0.02439     2.0                1