     2  3  5  6  8  11  13  15  16  18  21  22  23  25  26  27  31  32  33  35  37  38  41  42  43  45  47  48  51  53  54  55  57  58  61  63  64  65  67  73  74  75  77  chain_break_fraction  energy  num_occurrences
0    0  1  0  0  0   0   0   1   0   0   0   0   0   0   1   0   0   1   0   0   0   1   0   0   0   1   0   0   0   0   0   0   0   0   0   0   0   0   1   1   0   0   0              0.000000   -16.0                1
1    1  0  0  0  0   0   0   1   0   0   0   0   0   0   0   1   0   0   0   0   0   0   1   0   0   0   0   0   0   1   0   0   0   1   0   0   1   0   0   0   0   1   0              0.000000   -16.0                3
2    0  0  0  1  0   1   0   0   0   0   0   0   0   0   0   0   0   1   0   0   1   0   0   0   0   0   0   0   0   1   0   0   0   1   0   1   0   0   0   0   0   1   0              0.000000   -16.0                2
3    0  1  0  0  0   0   0   1   0   0   0   0   0   0   0   0   0   1   0   0   0   1   0   0   0   1   0   0   0   0   0   0   0   0   0   0   0   0   1   1   0   0   0              0.000000   -14.0                1
4    0  0  0  1  0   0   1   0   0   0   0   0   0   0   0   1   0   0   0   1   0   0   1   0   0   0   0   1   0   0   0   1   0   0   0   0   0   0   0   0   1   0   0              0.000000   -14.0                1
5    0  1  0  0  0   0   0   1   0   0   0   0   0   0   1   0   0   1   0   0   0   0   0   0   0   1   0   0   0   0   0   0   0   0   1   0   0   0   1   0   1   0   0              0.000000   -14.0                1
6    0  1  0  0  0   0   0   1   0   0   0   0   0   0   1   0   0   0   0   0   0   1   0   0   0   1   0   0   0   0   0   0   0   0   1   0   1   0   0   1   0   0   0              0.000000   -14.0                1
7    0  0  0  1  0   0   0   0   0   0   1   0   0   1   0   0   0   1   0   0   0   0   0   0   0   0   0   0   0   1   0   1   0   0   0   0   0   0   1   0   1   0   0              0.000000   -14.0                1
8    1  0  0  0  0   0   0   1   0   0   0   0   0   0   1   1   0   0   0   0   0   0   1   0   0   0   0   0   0   1   0   0   0   0   0   0   1   0   0   0   0   1   0              0.000000   -14.0                1
9    0  1  0  0  0   0   0   0   1   1   0   0   0   0   0   0   0   0   0   1   0   0   0   1   0   0   0   0   0   0   0   1   0   0   0   0   0   0   0   0   0   0   1              0.000000   -14.0                1
10   1  0  0  0  0   0   0   1   1   0   0   0   0   0   0   1   0   0   0   0   0   0   1   0   0   0   0   0   0   1   0   0   0   1   0   0   0   0   0   0   0   1   0              0.000000   -14.0                1
11   0  0  0  1  0   1   0   0   0   0   0   0   0   0   0   0   0   1   0   0   1   0   0   0   0   0   0   0   0   1   0   0   0   1   0   1   0   0   0   0   0   0   0              0.000000   -14.0                1
12   1  0  0  0  0   0   0   1   0   0   0   0   0   0   0   1   0   0   0   0   0   0   0   0   0   0   0   0   0   1   0   0   0   1   0   0   1   0   0   0   0   1   0              0.000000   -14.0                1
13   0  1  0  0  0   0   0   1   0   0   0   0   0   0   1   0   0   1   0   0   0   0   0   0   0   0   0   0   0   0   1   0   0   0   1   0   0   0   1   1   0   0   0              0.000000   -14.0                1
14   1  0  0  0  0   0   0   0   0   0   0   0   0   0   0   1   0   0   0   0   0   0   1   0   0   0   0   0   0   1   0   0   0   1   0   0   1   0   0   0   0   1   0              0.000000   -14.0                1
15   0  0  0  0  1   0   0   1   0   0   0   1   0   0   0   0   0   0   0   0   0   0   0   0   1   1   0   0   0   0   0   0   1   0   0   0   0   0   0   0   1   0   0              0.000000   -14.0                1
16   1  0  0  0  0   0   0   1   0   0   1   0   0   0   0   1   0   0   0   0   0   0   0   0   0   0   0   0   0   1   0   0   0   1   0   0   1   0   0   1   0   0   0              0.000000   -14.0                1
17   1  0  0  0  1   0   0   1   0   0   1   0   0   0   0   1   0   0   0   0   0   0   0   0   1   0   0   0   0   0   0   0   0   1   0   0   0   0   0   1   0   0   0              0.000000   -14.0                1
18   0  0  0  1  0   0   1   0   0   1   0   0   0   0   0   0   0   1   0   1   0   0   0   0   0   0   1   0   0   0   0   0   0   0   1   0   0   0   0   1   0   0   0              0.000000   -14.0                1
19   0  0  1  0  0   1   0   0   1   1   0   0   0   0   0   0   0   0   0   0   0   0   0   0   0   0   0   0   0   1   0   1   0   0   0   0   0   0   1   0   1   0   0              0.023256   -12.0                1
20   1  0  0  1  0   1   0   0   0   0   0   0   0   1   0   0   0   0   0   0   1   0   0   0   0   0   0   0   0   1   0   0   0   1   0   1   0   0   0   0   0   1   0              0.023256   -14.0                1
21   1  0  0  0  0   0   0   1   0   0   0   0   0   0   0   1   0   0   0   0   0   0   1   0   0   0   0   0   0   1   0   0   0   1   0   0   1   0   0   0   0   1   0              0.023256   -16.0                1
22   1  0  0  0  0   0   0   1   0   0   0   0   0   0   1   1   0   0   0   0   0   0   1   0   0   0   0   0   0   0   0   0   0   1   0   0   1   0   0   0   0   1   0              0.023256   -14.0                1
23   0  1  0  0  0   0   0   0   1   0   0   0   0   0   0   0   0   0   0   0   0   0   1   0   0   0   0   0   0   1   0   1   0   0   0   0   0   0   1   0   1   0   0              0.000000   -12.0                1
24   0  1  0  0  1   0   0   1   0   1   0   0   0   0   0   0   0   1   0   0   0   0   0   0   0   1   0   0   0   0   0   0   0   0   1   0   0   0   1   1   1   0   0              0.000000   -12.0                1
25   0  1  0  0  0   0   0   1   0   0   0   0   0   0   1   0   0   1   0   0   0   1   0   0   0   1   0   0   0   1   0   0   0   0   1   0   0   0   1   1   0   0   0              0.000000   -12.0                1
26   0  1  0  0  0   0   0   1   0   1   0   0   0   0   0   0   0   1   0   0   0   0   0   0   0   1   0   0   0   0   0   0   0   0   1   0   0   0   0   1   1   0   0              0.000000   -12.0                1
27   0  0  0  0  1   0   0   0   0   0   0   0   0   0   0   0   0   1   0   0   0   1   0   0   0   1   0   0   0   0   0   0   0   0   1   0   0   0   1   1   0   0   0              0.000000   -12.0                1
28   0  1  0  0  0   0   0   1   0   1   0   0   0   0   1   0   0   1   0   0   0   0   0   0   0   0   0   0   0   0   0   0   0   0   0   0   0   0   1   1   0   0   0              0.000000   -12.0                1
29   0  0  0  1  0   1   0   0   0   1   0   0   0   1   0   0   0   1   0   0   1   0   0   0   0   0   0   0   0   1   0   0   0   0   0   0   0   0   0   0   1   1   0              0.000000   -12.0                1
30   0  1  0  0  0   0   0   0   0   0   0   0   0   0   0   0   1   0   0   0   0   0   0   1   0   1   0   0   0   0   0   0   0   0   0   0   1   0   0   0   0   0   1              0.000000   -12.0                1
31   1  0  0  0  0   0   1   0   0   0   0   0   0   0   0   1   0   0   0   0   0   0   1   0   0   0   0   0   0   1   0   0   0   0   0   0   1   0   0   0   0   1   0              0.000000   -12.0                1
32   0  1  0  0  0   0   0   1   0   1   0   0   0   0   0   0   0   1   0   0   1   0   0   0   0   0   0   0   0   0   0   0   0   0   0   0   0   0   0   0   1   0   0              0.000000   -12.0                1
33   0  0  0  1  0   0   1   0   0   0   0   0   0   0   0   1   0   0   0   0   0   0   0   0   0   0   0   0   0   0   0   0   0   0   1   0   1   0   0   0   0   1   0              0.000000   -12.0                1
34   0  0  0  1  0   1   0   0   0   0   0   0   0   0   0   0   0   1   0   0   1   0   0   0   0   0   0   0   0   1   0   0   0   0   0   0   0   0   0   0   0   1   0              0.000000   -12.0                1
35   0  0  0  1  0   0   0   1   0   1   0   0   0   0   0   0   0   1   0   0   0   0   0   0   1   0   0   0   0   1   0   0   1   0   0   0   0   0   0   0   1   0   0              0.000000   -12.0                1
36   0  0  0  0  1   0   0   1   0   1   0   0   0   0   0   0   0   0   0   0   1   0   0   0   0   0   0   0   0   0   0   0   0   0   1   0   0   0   0   0   1   0   0              0.000000   -12.0                1
37   0  0  0  1  0   0   0   0   0   1   0   0   0   0   0   0   0   1   0   0   0   0   0   0   0   0   0   0   0   1   0   0   1   0   0   1   0   0   0   0   1   0   0              0.000000   -12.0                1
38   1  0  0  0  0   0   0   1   0   0   0   0   0   0   1   1   0   0   0   0   0   0   0   0   0   0   0   0   0   1   0   0   0   0   0   0   1   0   0   0   0   1   0              0.000000   -12.0                1
39   0  1  0  0  0   0   0   1   0   0   0   1   0   0   0   0   0   0   0   1   1   0   0   0   0   1   0   0   0   0   0   0   0   0   1   0   0   0   0   0   1   0   0              0.000000   -12.0                1
40   1  0  0  0  0   0   0   1   0   0   0   0   0   0   0   1   0   0   0   0   0   0   0   0   0   0   0   0   0   1   0   0   0   1   0   0   0   0   0   1   0   0   0              0.000000   -12.0                1
41   1  0  0  0  0   0   0   1   1   0   0   0   0   0   0   1   0   0   0   0   0   0   0   0   0   0   0   0   0   1   0   0   0   1   0   0   0   0   0   1   0   1   0              0.000000   -12.0                1
42   0  0  0  1  0   1   0   0   0   0   0   0   0   1   0   0   0   1   0   0   0   0   0   0   0   0   0   0   0   1   0   0   0   1   0   1   0   0   0   0   1   0   0              0.000000   -12.0                1
43   0  0  0  0  0   0   0   1   0   1   0   0   0   0   0   0   0   1   0   0   1   0   0   0   0   0   0   0   0   1   0   0   0   0   0   0   0   1   0   0   0   1   0              0.000000   -12.0                1
44   1  0  0  0  0   0   0   1   0   0   0   0   0   0   0   1   0   0   0   0   0   0   0   0   1   0   0   0   0   1   0   0   0   1   0   0   0   0   0   1   0   0   0              0.000000   -12.0                1
45   0  0  0  1  0   1   0   0   0   0   0   0   0   0   0   0   0   1   0   0   1   0   0   0   0   0   0   0   0   1   0   0   0   1   0   1   0   0   0   1   0   0   0              0.000000   -12.0                1
46   0  0  0  0  1   0   1   0   0   1   0   0   0   0   0   0   0   0   0   0   0   0   0   1   0   0   1   0   0   0   0   0   0   0   1   0   0   0   0   0   0   0   0              0.000000   -12.0                1
47   0  1  0  0  1   0   0   0   0   0   0   0   0   1   0   0   0   0   0   0   1   0   0   0   0   0   0   0   1   0   0   0   0   0   0   1   0   0   0   0   1   0   0              0.000000   -12.0                1
48   1  0  0  0  0   0   0   1   0   0   0   0   0   0   0   0   0   0   0   0   1   0   1   0   0   0   0   0   0   1   1   0   0   1   0   0   0   0   0   0   0   1   0              0.000000   -12.0                1
49   0  1  0  0  0   0   0   0   1   1   0   0   0   0   0   0   0   0   0   1   0   0   0   1   0   0   0   0   0   0   0   0   0   0   1   0   0   0   0   1   0   0   0              0.000000   -12.0                1
50   0  0  0  1  0   1   0   0   0   1   0   0   0   0   0   0   0   1   0   0   0   0   0   0   1   1   0   0   0   0   0   0   1   0   0   0   0   0   0   0   1   0   0              0.000000   -12.0                1
51   1  0  0  0  0   0   0   1   0   0   0   0   0   0   0   0   0   0   0   0   1   0   0   0   0   0   0   0   0   1   0   0   0   1   0   1   0   0   0   0   0   1   0              0.000000   -12.0                1
52   0  0  0  1  0   1   0   0   0   0   0   0   0   1   0   0   0   1   0   0   0   0   0   0   0   0   0   0   0   0   0   0   0   1   0   1   1   0   0   0   0   1   0              0.000000   -12.0                1
53   0  0  0  1  0   1   0   0   0   1   0   0   0   0   0   0   0   1   0   0   0   0   0   0   1   0   0   0   0   0   0   0   0   1   0   0   0   0   0   1   0   0   0              0.000000   -12.0                1
54   0  1  0  0  0   1   0   0   0   0   0   0   0   1   0   0   0   0   0   1   0   0   0   0   0   1   0   0   0   0   0   0   0   1   0   0   1   0   0   0   0   0   1              0.000000   -12.0                1
55   0  0  0  0  0   0   0   1   0   0   0   0   0   0   0   0   0   1   0   0   1   0   0   0   0   0   0   0   0   1   0   0   0   1   0   0   0   1   0   0   0   0   0              0.000000   -12.0                1
56   1  0  0  1  0   0   0   1   0   0   1   0   0   0   0   1   0   0   0   0   0   0   0   0   1   0   0   0   0   1   0   0   0   1   0   0   1   0   0   1   0   0   0              0.000000   -12.0                1
57   0  1  0  0  0   0   0   1   0   0   0   0   0   0   1   0   0   1   0   0   1   0   0   0   0   0   0   0   0   0   0   0   0   0   1   0   0   1   1   0   0   0   0              0.000000   -12.0                1
58   0  0  0  1  0   0   1   0   0   1   0   0   0   0   0   0   0   1   0   1   0   0   0   0   0   0   0   0   0   0   0   0   1   0   0   0   0   0   0   0   1   0   0              0.000000   -12.0                1
59   1  0  0  0  0   0   0   1   0   0   0   0   0   0   0   1   0   0   0   0   0   0   1   0   1   0   0   0   0   1   0   0   0   1   0   0   1   0   0   0   0   1   0              0.000000   -12.0                1
60   0  0  0  0  0   1   0   0   0   0   0   1   0   0   0   0   0   0   1   0   0   0   0   0   0   1   0   0   0   0   0   0   0   1   0   0   1   0   0   0   0   0   1              0.000000   -12.0                1
61   0  0  1  0  0   1   0   0   0   1   0   1   0   0   0   0   0   0   0   0   0   0   0   1   0   0   0   0   0   1   0   0   1   0   0   0   1   0   0   0   0   1   0              0.000000   -12.0                1
62   0  1  0  0  0   0   0   1   0   0   0   0   0   0   0   0   0   1   0   0   0   0   0   0   0   1   0   0   0   0   0   0   0   1   0   0   0   0   0   1   0   0   0              0.000000   -12.0                1
63   0  0  0  0  1   1   0   0   0   0   0   0   0   1   0   0   0   0   0   0   1   0   0   1   0   0   0   0   0   1   1   0   0   0   0   0   0   0   0   0   0   1   0              0.000000   -12.0                1
64   0  0  0  1  0   0   1   0   0   1   0   0   0   0   0   0   0   0   0   1   0   0   1   0   0   0   1   0   0   0   0   0   0   0   1   0   1   0   0   0   1   0   0              0.000000   -12.0                1
65   0  1  0  0  0   0   0   0   0   0   0   0   0   0   1   0   1   1   0   0   1   0   0   0   0   0   0   0   1   0   1   0   0   0   0   0   0   1   0   0   0   0   0              0.000000   -12.0                1
66   0  0  0  1  0   0   0   1   0   0   1   0   0   0   0   1   0   0   0   0   0   0   0   0   0   0   0   0   0   1   0   0   0   1   0   0   0   1   0   1   0   0   0              0.000000   -12.0                1
67   1  0  0  0  0   0   1   1   0   0   0   0   0   0   1   0   0   0   0   0   0   0   1   0   0   0   0   0   0   0   1   0   0   0   0   0   0   0   0   0   0   1   0              0.000000   -12.0                1
68   0  1  0  0  0   0   0   0   1   0   0   1   0   0   0   0   0   0   0   1   0   0   1   0   0   1   0   0   0   0   0   0   0   0   0   0   1   0   0   0   0   0   1              0.000000   -12.0                1
69   1  0  0  0  0   0   0   1   0   0   1   0   0   0   0   1   0   0   0   0   0   0   0   0   1   0   0   0   0   1   0   0   0   1   0   0   0   0   0   0   0   0   0              0.000000   -12.0                1
70   0  1  0  0  0   0   0   1   0   1   0   0   0   0   1   0   0   1   0   0   0   0   0   0   0   0   1   0   0   0   0   0   0   0   1   0   0   0   0   1   0   0   0              0.000000   -12.0                1
71   1  0  0  0  0   0   0   0   1   0   0   0   1   0   0   0   0   0   0   1   1   0   0   0   0   0   0   0   0   0   1   0   0   1   0   0   0   0   0   1   0   0   0              0.000000   -12.0                1
72   0  1  0  0  0   0   0   0   1   1   0   0   0   0   0   0   0   0   0   1   0   0   1   1   0   0   1   0   0   0   0   0   0   0   0   0   0   0   0   1   0   0   0              0.000000   -12.0                1
73   0  0  0  0  1   0   0   1   0   0   0   0   0   0   0   0   0   0   0   0   0   0   0   0   1   1   0   0   0   0   0   0   0   1   0   0   0   0   0   1   0   0   0              0.000000   -12.0                1
74   0  0  0  0  1   1   0   0   0   0   0   0   0   1   0   0   0   0   1   0   0   0   0   0   0   1   0   0   0   0   0   0   0   1   0   0   0   0   0   0   0   0   1              0.000000   -12.0                1
75   1  0  0  0  0   0   0   0   0   0   0   0   0   1   0   0   0   0   0   1   0   0   0   0   0   1   0   0   0   0   0   0   0   1   0   0   1   0   0   0   0   0   1              0.000000   -12.0                1
76   1  0  0  0  0   0   0   1   0   0   0   0   0   0   0   1   0   0   0   0   0   0   1   0   1   0   0   0   0   0   0   0   0   1   0   0   1   0   0   0   0   0   0              0.000000   -12.0                1
77   0  0  0  0  1   0   0   1   0   0   0   0   0   0   0   1   0   0   0   0   0   0   1   0   0   0   0   0   0   0   0   0   0   1   0   0   0   0   0   0   0   1   0              0.000000   -12.0                1
78   1  0  0  0  0   0   0   1   0   0   0   0   0   0   1   0   1   0   0   0   0   0   0   0   1   0   0   0   0   0   1   0   0   0   0   0   1   0   0   0   0   0   1              0.000000   -12.0                1
79   0  0  0  0  1   0   0   1   0   0   0   1   0   0   0   0   0   0   0   0   0   0   0   0   1   1   0   0   0   0   0   0   1   0   0   0   1   0   0   0   0   0   0              0.000000   -12.0                1
80   0  0  0  0  0   1   0   1   0   0   0   0   0   0   1   0   0   0   0   0   0   0   0   0   1   0   0   1   0   0   1   0   0   0   0   0   0   0   0   0   0   0   1              0.000000   -12.0                1
81   0  0  0  1  1   0   0   0   0   0   1   0   0   0   0   1   0   0   0   0   0   0   0   0   1   0   0   0   0   0   0   0   0   1   0   0   0   1   0   0   0   0   0              0.000000   -12.0                1
82   0  0  0  1  1   1   0   0   0   0   0   0   0   1   0   0   0   0   0   0   0   0   0   0   1   1   0   0   0   0   0   0   0   1   0   1   0   0   0   0   0   0   1              0.000000   -12.0                1
83   0  1  0  0  0   0   0   0   0   1   0   1   0   0   0   0   0   0   0   1   0   0   0   0   0   0   1   0   0   0   0   0   0   0   1   0   0   0   0   1   0   0   0              0.000000   -12.0                1
84   1  0  0  0  1   0   0   1   0   0   1   0   0   0   0   1   0   0   0   0   0   0   0   0   1   0   0   0   0   0   0   0   0   1   0   0   0   0   0   0   0   0   0              0.000000   -12.0                1
85   0  1  0  0  0   0   0   0   1   0   0   1   0   0   0   0   0   0   0   1   0   0   1   0   0   0   0   0   0   0   0   0   0   1   0   1   0   0   0   0   0   0   0              0.000000   -12.0                1
86   1  0  0  1  0   0   0   0   0   0   0   0   0   0   0   0   0   0   0   1   0   0   1   0   0   1   0   0   0   0   0   0   0   1   0   0   1   0   0   0   0   0   0              0.000000   -12.0                1
87   0  1  0  0  0   0   0   0   1   0   0   1   0   0   0   0   0   0   0   1   1   0   0   0   0   0   0   0   0   0   0   0   0   1   0   1   0   0   0   0   1   0   0              0.000000   -12.0                1
88   1  1  0  0  0   0   0   0   1   0   0   0   0   0   0   0   0   0   0   1   1   0   0   0   0   0   0   0   1   0   0   0   0   1   0   1   0   0   0   0   0   0   0              0.000000   -12.0                1
89   0  1  0  0  0   0   0   0   1   1   0   1   0   0   0   0   0   0   0   1   0   0   0   0   0   0   1   0   0   0   0   0   0   0   0   0   0   0   0   1   0   0   0              0.000000   -12.0                1
90   0  0  0  0  0   0   0   0   1   0   0   0   1   0   0   0   0   0   0   1   0   0   0   1   0   1   0   0   0   0   0   0   0   0   0   0   0   0   0   1   0   0   0              0.000000   -12.0                1
91   0  0  0  0  0   1   0   0   0   0   0   0   1   0   0   0   0   0   0   1   0   0   0   1   0   1   0   0   0   0   0   0   0   0   1   0   1   0   0   1   0   0   0              0.000000   -12.0                1
92   1  0  0  0  0   0   0   0   1   0   1   0   0   0   0   0   0   0   1   1   0   0   0   0   0   0   0   0   0   0   0   0   0   1   0   0   1   0   0   0   0   0   1              0.000000   -12.0                1
93   0  1  0  0  0   0   0   0   1   0   0   0   0   0   0   0   0   0   0   1   0   0   1   0   0   0   1   0   0   0   0   0   0   1   0   1   0   0   0   0   0   0   0              0.000000   -12.0                1
94   0  0  0  1  0   1   0   0   0   1   0   0   0   0   0   0   0   0   0   1   0   0   0   0   1   0   0   0   0   0   0   0   1   0   0   0   1   0   0   0   0   0   1              0.000000   -12.0                1
95   0  0  0  1  0   1   0   0   0   0   0   0   0   0   0   0   0   0   0   1   1   0   0   0   0   0   0   1   0   0   0   0   0   1   0   1   0   0   0   0   0   0   0              0.000000   -12.0                1
96   0  0  0  0  0   0   0   1   0   0   1   0   0   0   0   1   0   1   0   0   0   0   0   0   1   0   0   0   0   0   0   0   0   1   0   0   0   1   0   0   0   0   0              0.000000   -12.0                1
97   0  0  0  0  0   1   0   0   0   0   0   0   0   0   0   0   0   0   0   1   0   0   0   1   0   1   0   0   0   0   0   0   0   1   0   0   1   0   0   0   0   0   1              0.000000   -12.0                1
98   0  0  0  1  0   0   0   0   0   0   1   0   0   0   0   0   0   0   0   1   0   0   0   0   0   0   1   0   0   0   0   0   0   1   0   0   0   0   0   1   0   0   0              0.000000   -12.0                1
99   0  0  0  0  0   0   0   0   0   0   0   0   1   0   0   0   0   0   0   1   0   0   0   1   0   1   0   0   0   0   0   0   0   0   1   0   1   0   0   0   0   0   0              0.000000   -12.0                1
100  1  0  0  0  0   0   0   0   1   0   0   0   1   0   0   0   0   0   0   1   0   0   0   0   0   0   0   0   1   0   0   0   0   1   0   0   0   0   0   1   0   0   0              0.000000   -12.0                1
101  0  0  0  1  0   0   0   0   0   0   0   0   1   0   0   0   0   0   0   1   0   0   0   0   0   1   0   0   0   0   0   0   0   1   1   0   1   0   0   1   0   0   0              0.000000   -12.0                1
102  0  0  0  1  0   0   0   0   0   0   1   0   0   0   0   0   0   1   0   0   0   0   0   0   1   0   1   0   0   0   0   0   0   1   0   0   0   1   0   1   0   0   0              0.000000   -12.0                1
103  0  0  0  1  0   0   0   0   0   0   1   0   0   0   0   0   0   1   0   0   0   0   0   0   1   0   1   0   0   0   0   0   0   1   0   0   0   1   0   0   0   0   0              0.000000   -12.0                1
104  0  0  0  1  0   0   0   0   0   0   1   0   0   0   0   0   0   0   0   1   0   0   0   0   1   0   1   0   0   0   0   0   0   1   0   0   1   0   0   0   0   0   1              0.000000   -12.0                1
105  0  1  0  0  0   0   0   1   0   0   0   0   0   0   1   0   0   1   0   0   0   1   0   0   0   1   0   0   0   0   0   0   0   0   1   0   0   0   0   1   0   0   0              0.023256   -16.0                1
106  0  0  1  0  0   1   0   0   0   0   0   1   0   0   0   1   0   0   0   0   0   0   0   0   1   0   0   1   0   0   0   1   0   0   0   0   0   0   0   0   1   0   0              0.023256   -12.0                1
107  0  1  0  0  0   0   0   0   0   1   0   0   0   1   0   0   0   1   0   0   1   0   0   0   0   0   0   0   1   0   0   0   0   0   0   0   0   0   0   0   1   0   0              0.023256   -12.0                1
108  1  0  0  0  0   0   0   0   0   0   0   0   0   0   0   1   0   0   0   0   0   0   1   0   0   1   0   0   0   1   0   0   0   1   0   0   1   0   0   0   0   1   0              0.023256   -10.0                1
109  1  0  0  0  0   0   0   0   1   0   0   0   1   0   0   0   0   0   0   0   0   0   0   1   0   0   0   1   0   0   1   0   0   0   0   0   0   0   1   1   0   0   0              0.023256   -12.0                1
110  1  0  0  0  0   0   0   1   0   0   0   0   0   0   1   1   0   0   0   0   0   0   1   0   0   0   0   0   0   0   0   0   0   1   0   0   1   0   0   0   0   0   0              0.023256   -12.0                1
111  0  0  1  0  0   0   0   0   1   1   0   0   0   0   0   0   0   0   0   0   0   0   0   1   0   0   1   0   0   0   0   0   0   0   0   0   1   0   0   0   0   1   0              0.023256   -12.0                1
112  0  0  0  0  1   0   1   0   0   0   0   0   0   1   0   1   0   0   0   0   0   0   0   0   0   0   0   0   0   0   0   0   0   0   1   1   0   0   0   0   1   1   0              0.000000   -10.0                1
113  0  1  0  0  0   0   0   1   0   0   0   0   0   0   0   0   0   1   0   0   0   0   0   0   0   1   0   0   0   1   0   0   0   0   0   0   0   0   1   1   0   0   0              0.000000   -10.0                1
114  0  1  0  1  0   0   0   0   0   0   0   0   0   1   0   0   0   1   0   0   1   0   0   0   0   0   0   0   0   1   0   0   0   0   0   0   0   0   0   0   1   0   0              0.000000   -10.0                1
115  1  1  0  0  0   0   0   1   0   0   0   0   0   0   0   0   0   1   0   0   0   0   0   0   0   1   0   0   0   0   0   0   0   0   0   0   0   0   1   1   0   0   0              0.000000   -10.0                1
116  1  0  0  0  0   0   0   1   0   0   0   0   0   0   0   0   0   0   0   0   0   0   1   0   0   1   0   0   0   1   0   0   0   0   0   0   0   0   1   1   0   0   0              0.000000   -10.0                1
117  1  0  0  0  0   0   0   1   0   0   0   0   0   0   1   0   0   0   0   0   0   0   1   0   0   1   0   0   0   0   0   0   0   0   0   0   1   0   1   1   0   0   0              0.000000   -10.0                1
118  0  0  0  1  0   1   0   0   0   1   0   0   0   0   0   0   0   1   0   0   0   0   0   0   1   0   0   0   0   1   0   0   0   0   0   0   0   0   0   1   1   0   0              0.000000   -10.0                1
119  1  1  0  0  0   0   0   1   0   0   0   0   0   0   0   0   0   0   0   0   0   0   1   0   0   1   0   0   0   0   0   0   0   0   0   0   1   0   0   0   0   0   1              0.000000   -10.0                1
120  1  0  0  0  0   0   0   1   0   0   0   0   1   0   0   1   0   0   0   0   0   0   0   0   1   0   0   1   0   0   0   0   0   0   1   0   0   0   0   1   0   0   0              0.000000   -10.0                1
121  0  0  0  1  0   0   0   0   0   0   0   0   0   1   0   1   0   1   0   0   0   0   0   0   0   0   0   0   0   1   0   1   0   1   0   0   0   0   0   0   1   0   0              0.000000   -10.0                1
122  0  0  0  0  0   0   0   1   0   0   0   1   0   0   0   0   0   1   0   0   1   0   0   0   0   0   0   0   0   1   0   0   0   0   1   0   0   1   0   0   1   0   0              0.000000   -10.0                1
123  0  1  0  0  0   0   0   1   0   0   0   1   0   0   0   0   0   0   0   0   0   0   0   0   1   1   0   0   0   0   0   0   0   0   0   0   1   0   0   0   1   0   0              0.000000   -10.0                1
124  0  1  0  0  0   0   0   1   0   1   0   0   0   0   0   0   0   1   0   0   0   0   1   0   0   0   0   0   0   1   0   0   0   0   0   0   0   0   0   0   1   0   0              0.000000   -10.0                1
125  0  0  0  1  0   0   0   1   0   1   0   0   0   0   0   0   0   1   0   0   0   0   0   0   0   0   0   0   0   1   0   0   0   0   0   0   0   0   1   1   0   1   0              0.000000   -10.0                1
126  0  0  0  0  0   0   1   1   0   1   0   0   0   0   0   0   0   1   0   0   0   0   0   0   0   0   0   0   0   0   0   0   0   0   1   0   0   1   0   0   1   0   0              0.000000   -10.0                1
127  0  0  0  0  1   0   0   0   0   0   0   1   0   0   0   1   0   0   0   0   0   0   1   0   0   1   0   0   0   0   0   0   0   0   0   0   0   0   0   0   1   0   0              0.000000   -10.0                1
128  0  1  0  0  0   0   0   0   1   1   0   1   0   0   0   0   0   0   0   0   0   0   0   0   0   0   0   0   1   0   0   0   0   0   0   0   0   0   0   1   0   0   0              0.000000   -10.0                1
129  0  0  0  1  0   0   0   1   0   0   1   0   0   0   0   0   0   1   0   0   0   0   0   0   0   0   0   0   0   1   0   0   0   0   0   0   0   1   1   0   0   0   0              0.000000   -10.0                1
130  0  0  1  0  0   0   0   0   1   1   0   0   0   0   0   0   0   0   0   0   0   0   0   1   0   0   1   0   0   1   0   0   0   0   0   0   0   0   1   0   0   1   0              0.000000   -10.0                1
131  0  1  0  0  0   0   0   0   0   1   0   0   0   0   0   0   0   1   0   0   1   0   0   0   0   0   0   0   1   0   0   0   1   0   0   0   0   0   0   0   1   0   0              0.000000   -10.0                1
132  0  1  0  0  0   0   0   1   0   0   0   1   0   0   0   0   0   0   0   1   0   0   0   1   0   1   0   0   0   0   0   0   0   0   1   0   1   0   0   1   0   0   0              0.000000   -10.0                1
133  0  0  0  0  1   1   0   0   0   1   0   0   0   0   0   0   0   0   0   0   0   0   0   1   1   0   0   0   0   0   0   0   0   0   0   0   0   0   0   1   0   0   1              0.000000   -10.0                1
134  0  0  0  1  0   1   0   0   0   0   0   0   0   0   0   0   0   1   0   0   0   0   0   0   0   1   0   0   0   0   0   0   1   0   0   0   0   0   0   0   1   0   0              0.000000   -10.0                1
135  0  0  0  1  0   1   0   0   0   1   0   0   0   0   0   0   0   1   0   0   1   0   0   0   0   0   0   0   0   1   1   0   0   0   0   0   0   0   0   1   0   1   0              0.000000   -10.0                1
136  0  1  0  0  0   0   0   0   0   0   0   0   0   0   1   0   0   1   0   0   0   1   0   0   0   1   0   0   1   0   0   0   0   0   0   0   1   0   0   0   0   0   1              0.000000   -10.0                1
137  0  0  0  0  0   1   0   0   0   0   0   0   0   0   1   0   0   1   0   0   0   1   0   0   0   1   0   0   0   0   0   0   0   0   0   0   0   0   0   1   0   0   0              0.000000   -10.0                1
138  0  0  0  0  1   1   0   0   0   0   0   1   0   0   0   0   0   0   0   0   0   0   0   0   1   0   0   0   0   0   0   1   0   0   0   1   0   0   0   0   1   0   0              0.000000   -10.0                1
139  0  0  1  0  0   1   0   0   0   0   0   1   0   0   0   1   0   0   0   0   0   0   0   0   1   0   0   0   0   1   0   0   0   0   0   0   1   0   0   0   0   0   0              0.000000   -10.0                1
140  0  0  0  1  0   0   0   0   0   0   0   0   0   1   0   0   0   1   0   0   1   0   0   0   0   1   0   0   0   0   0   0   0   1   0   0   0   0   0   0   1   0   0              0.000000   -10.0                1
141  1  0  0  0  0   0   0   0   0   0   0   0   0   0   1   1   0   0   0   0   0   0   0   0   0   0   0   0   0   1   0   0   0   0   0   0   1   0   0   0   0   1   0              0.000000   -10.0                1
142  0  0  0  0  0   0   0   1   0   0   0   1   0   0   0   0   0   1   0   0   0   0   0   0   1   1   0   0   0   0   0   0   0   0   0   0   0   0   0   1   1   0   0              0.000000   -10.0                1
143  0  0  0  0  1   1   0   0   0   0   0   1   0   0   0   0   0   0   0   0   0   0   0   1   0   1   0   0   0   0   0   0   0   0   0   0   0   0   0   1   0   0   0              0.000000   -10.0                1
144  0  0  1  0  0   0   0   0   1   0   0   0   0   0   0   0   0   0   0   0   0   0   0   1   0   0   0   0   0   1   0   0   1   0   0   0   1   0   0   0   0   0   0              0.000000   -10.0                1
145  0  0  1  0  0   0   0   0   1   0   0   0   0   0   0   0   0   0   0   0   0   0   0   0   0   0   0   0   0   1   0   0   0   1   0   0   0   0   0   1   0   1   0              0.000000   -10.0                1
146  0  0  0  0  0   0   0   1   0   0   0   1   0   0   0   0   0   0   0   0   0   0   0   0   1   1   0   0   0   0   0   0   0   0   1   0   1   0   0   0   1   0   0              0.000000   -10.0                1
147  0  0  0  0  1   0   0   1   0   0   0   0   0   0   0   0   0   1   0   0   0   0   0   0   1   1   0   0   0   0   0   0   0   0   0   0   0   0   0   1   1   0   0              0.000000   -10.0                1
148  0  1  0  1  0   0   0   0   0   1   0   0   0   0   0   0   0   0   0   1   1   0   1   0   0   0   0   0   0   0   0   0   0   0   0   0   0   0   0   0   1   0   0              0.000000   -10.0                1
149  1  0  0  0  0   0   0   1   0   0   0   0   0   0   1   0   0   0   0   0   0   0   0   0   1   0   0   1   0   0   1   0   0   1   0   0   0   0   0   1   0   0   0              0.000000   -10.0                1
150  0  1  0  0  0   1   0   0   0   0   0   0   0   0   0   0   0   1   0   0   0   0   0   0   1   1   0   0   0   0   0   0   0   1   0   0   0   0   0   1   0   0   0              0.000000   -10.0                1
151  1  0  0  0  0   0   0   1   0   0   0   0   0   0   0   0   0   0   0   0   0   0   1   0   0   1   0   0   0   0   0   0   0   0   0   0   1   0   0   0   0   0   0              0.000000   -10.0                1
152  0  1  0  0  0   0   0   1   0   0   0   0   0   0   0   0   0   1   0   0   1   0   0   0   0   0   0   0   0   1   1   0   0   0   0   0   0   0   0   0   0   0   0              0.000000   -10.0                1
153  0  0  0  0  1   1   0   0   0   0   0   0   0   0   0   0   0   0   0   0   0   0   0   1   1   1   0   0   0   0   0   0   0   0   0   0   0   0   0   0   0   0   1              0.000000   -10.0                1
154  0  0  0  0  0   0   1   1   0   0   0   0   0   0   1   0   0   1   0   0   0   0   0   0   0   0   0   0   0   0   1   0   0   0   0   0   0   1   0   0   0   0   1              0.000000   -10.0                1
155  0  0  0  0  1   1   0   0   0   0   0   1   0   0   0   0   0   0   0   0   1   0   0   0   1   0   0   0   0   0   0   0   0   0   0   1   0   0   0   0   1   0   0              0.000000   -10.0                1
156  0  1  0  0  0   1   0   0   0   0   0   0   0   0   1   0   0   1   0   0   0   0   0   0   0   1   0   0   0   0   0   0   0   1   0   0   0   0   0   1   0   0   0              0.000000   -10.0                1
157  0  0  0  0  1   0   0   1   0   0   0   1   0   0   0   1   0   0   0   0   0   0   1   0   1   0   0   0   0   0   0   0   0   0   1   0   0   0   0   0   1   0   0              0.000000   -10.0                1
158  0  1  0  0  0   0   0   0   1   0   0   1   0   0   0   0   0   0   0   1   1   0   0   0   0   0   0   1   0   0   0   0   0   0   0   0   0   1   0   0   1   0   0              0.000000   -10.0                1
159  0  0  0  0  0   1   0   0   0   0   0   0   0   1   1   0   0   1   0   0   1   0   0   0   0   0   0   0   0   0   1   0   0   0   0   0   0   0   0   0   0   0   0              0.000000   -10.0                1
160  0  0  0  0  1   0   1   0   0   0   0   0   0   0   0   1   0   0   0   0   0   0   1   1   0   0   1   0   0   0   0   0   0   0   0   0   1   0   0   0   0   1   0              0.000000   -10.0                1
161  0  1  0  0  0   0   0   0   1   0   0   1   0   0   0   0   0   0   0   1   0   0   0   0   0   1   0   0   1   0   0   1   0   0   0   0   0   0   0   0   1   0   0              0.000000   -10.0                1
162  0  0  0  1  0   0   0   1   0   1   0   0   0   0   0   0   0   1   0   0   1   0   0   0   0   0   0   0   0   1   0   0   0   1   1   0   0   0   0   0   0   1   0              0.000000   -10.0                1
163  0  0  0  1  0   0   0   0   0   0   0   0   0   1   0   0   0   1   0   0   0   0   0   0   1   1   0   0   0   0   0   0   1   0   0   0   0   0   0   0   1   0   0              0.000000   -10.0                1
164  0  0  0  0  0   0   0   1   0   0   1   0   0   0   0   1   0   1   0   0   0   0   0   0   1   0   0   0   0   0   0   0   0   0   0   0   0   0   0   1   0   0   0              0.000000   -10.0                1
165  0  0  0  1  0   0   1   0   0   1   0   0   0   0   0   0   0   1   0   1   0   0   0   0   0   0   1   0   0   0   0   1   0   0   0   0   0   0   0   1   0   0   0              0.000000   -10.0                1
166  0  1  0  0  0   0   0   1   0   0   0   0   0   1   0   0   0   1   0   0   1   0   0   0   0   0   0   0   0   0   1   0   0   1   0   0   0   0   0   0   0   0   0              0.000000   -10.0                1
167  0  0  0  1  0   0   0   1   0   0   0   0   0   0   0   1   0   0   0   0   0   0   0   0   1   0   0   0   0   0   0   0   0   1   0   0   0   0   0   1   0   0   0              0.000000   -10.0                1
168  0  1  0  0  0   0   0   1   0   1   0   0   0   0   0   0   0   0   0   1   0   0   0   1   0   0   0   0   0   0   0   0   0   0   0   0   0   1   0   0   0   0   1              0.000000   -10.0                1
169  0  0  0  1  0   1   0   0   0   0   0   0   0   1   0   0   0   1   0   0   1   0   0   0   0   0   0   0   0   1   1   0   0   0   0   0   0   0   0   0   1   1   0              0.000000   -10.0                1
170  0  1  0  0  0   0   0   0   1   1   0   0   0   0   0   0   0   0   0   1   0   0   0   1   0   1   0   0   0   0   0   0   0   0   0   0   0   1   0   1   0   0   1              0.000000   -10.0                1
171  1  0  0  0  1   0   0   1   0   0   0   0   0   0   0   1   0   0   0   0   0   0   1   0   0   0   0   0   0   1   1   0   0   0   0   0   0   0   0   0   0   1   0              0.000000   -10.0                1
172  0  0  0  1  0   1   0   0   0   0   0   0   0   1   0   0   0   1   0   0   1   0   0   0   0   0   0   1   0   0   0   0   0   1   0   0   0   0   0   0   0   0   0              0.000000   -10.0                1
173  1  0  0  1  0   0   0   0   0   0   0   0   0   0   0   0   0   0   0   1   1   0   1   0   0   0   0   0   0   1   0   0   0   1   0   1   0   0   0   0   0   0   0              0.000000   -10.0                1
174  1  0  0  0  0   0   0   0   1   0   0   0   1   1   0   0   0   0   0   0   1   0   0   0   0   0   0   0   1   0   1   0   0   1   0   0   0   0   0   0   0   0   0              0.000000   -10.0                1
175  0  1  0  0  0   0   0   0   0   0   0   0   0   0   0   0   0   0   0   1   0   0   0   1   0   1   0   0   0   0   0   0   1   0   0   0   1   0   0   0   0   0   0              0.000000   -10.0                1
176  0  0  1  0  0   0   0   0   0   1   0   1   0   0   0   0   0   0   1   0   0   0   0   0   0   0   1   0   0   0   0   0   0   0   1   0   0   0   0   0   0   0   0              0.000000   -10.0                1
177  0  0  0  1  0   1   0   0   0   1   0   0   0   0   1   0   0   1   0   0   0   0   0   0   1   0   1   0   0   0   0   0   0   0   0   0   0   0   0   1   0   0   0              0.000000   -10.0                1
178  1  0  0  0  0   0   0   0   0   0   1   0   0   1   0   0   0   1   0   0   0   0   0   0   0   0   0   0   0   1   0   0   0   1   0   1   0   0   0   0   0   0   0              0.000000   -10.0                1
179  0  0  0  0  0   1   0   0   0   0   1   0   0   0   0   0   0   1   0   0   0   0   0   0   0   0   0   0   0   1   0   0   0   1   0   1   0   0   0   0   0   0   0              0.000000   -10.0                1
180  0  0  1  0  0   0   0   0   0   0   0   0   0   0   0   0   0   1   0   0   0   0   0   0   1   0   1   0   0   0   1   0   0   1   0   0   0   0   0   1   0   0   0              0.000000   -10.0                1
181  0  1  0  0  0   0   0   0   1   1   0   0   0   0   0   0   0   0   0   1   1   0   1   0   0   0   0   0   0   0   0   0   0   1   0   0   0   0   0   0   1   0   0              0.000000   -10.0                1
182  1  0  0  0  0   0   0   0   0   0   0   0   0   0   1   0   0   1   0   0   0   0   0   0   0   0   0   0   1   0   0   0   1   0   0   1   0   0   0   0   0   0   0              0.000000   -10.0                1
183  0  0  0  1  0   0   0   0   1   1   0   0   0   0   0   0   0   0   0   1   1   0   0   0   0   0   0   0   0   1   0   0   1   0   0   0   0   0   0   0   1   0   0              0.000000   -10.0                1
184  0  0  0  1  1   0   1   0   0   0   0   0   0   0   0   1   0   0   0   0   0   0   1   0   0   0   0   0   0   0   0   0   0   1   0   0   0   0   0   0   0   1   0              0.000000   -10.0                1
185  0  1  0  0  0   0   1   1   0   0   0   0   0   0   1   0   0   1   0   0   0   0   0   0   0   0   0   0   0   0   1   0   0   0   0   0   0   1   0   0   0   0   0              0.000000   -10.0                1
186  0  1  0  1  0   0   0   0   0   1   0   0   0   0   0   0   0   1   0   1   0   0   0   0   0   0   1   0   0   0   0   0   0   0   1   0   0   0   0   1   1   0   0              0.000000   -10.0                1
187  0  1  0  0  0   0   0   0   0   0   0   0   0   1   0   0   0   0   0   0   0   0   0   1   0   1   1   0   0   0   0   0   0   1   0   0   1   0   0   0   0   0   0              0.000000   -10.0                1
188  0  0  0  0  1   0   0   1   0   0   1   0   0   0   0   1   0   0   0   0   0   0   0   0   0   0   0   0   0   0   0   0   0   1   0   0   0   0   0   0   1   0   0              0.000000   -10.0                1
189  0  1  0  0  0   0   0   0   0   0   0   0   0   0   1   0   0   1   0   0   0   0   0   0   0   0   1   0   0   0   1   0   0   1   0   0   0   0   0   1   0   0   0              0.000000   -10.0                1
190  1  0  0  0  0   0   0   0   1   0   0   0   1   0   0   1   0   0   0   0   0   0   0   0   0   0   0   0   1   0   0   0   1   1   0   0   1   0   0   0   0   0   0              0.000000   -10.0                1
191  0  0  0  0  1   0   0   1   0   0   0   0   0   0   1   0   0   1   0   0   0   1   0   0   1   1   0   0   0   0   0   0   1   0   0   0   0   0   0   0   0   0   0              0.000000   -10.0                1
192  1  0  0  1  0   0   0   0   0   0   0   0   1   0   0   1   0   0   0   0   0   0   0   0   0   0   0   0   0   0   0   0   0   1   1   0   0   0   0   1   0   0   0              0.000000   -10.0                1
193  1  1  0  0  0   0   0   0   0   0   0   0   0   1   0   0   0   0   0   1   0   0   0   0   0   0   0   0   1   0   0   0   0   1   0   0   1   0   0   0   0   0   1              0.000000   -10.0                1
194  0  0  0  1  0   1   0   0   0   1   0   0   0   0   0   0   0   0   0   1   0   0   0   1   0   0   0   0   0   0   0   0   0   0   1   0   1   0   0   1   0   0   0              0.000000   -10.0                1
195  0  0  0  0  0   0   0   0   0   1   0   0   0   0   0   0   0   1   0   1   1   0   0   0   0   0   0   0   0   0   0   0   0   0   1   0   0   1   0   0   1   0   0              0.000000   -10.0                1
196  0  1  0  0  0   0   0   0   0   1   0   0   0   0   0   0   0   0   0   1   0   0   0   1   0   0   1   0   0   0   0   0   0   0   1   0   0   0   0   1   1   0   0              0.000000   -10.0                1
197  0  0  0  1  0   0   0   0   1   0   1   0   0   0   0   1   0   0   0   0   0   0   1   0   0   0   0   0   0   1   0   0   0   1   0   0   1   0   0   0   0   1   0              0.000000   -10.0                1
198  0  0  0  0  0   0   0   0   1   1   1   0   0   0   0   0   0   0   0   1   0   0   0   1   0   0   0   0   0   1   0   0   0   0   0   0   0   0   0   1   0   0   0              0.000000   -10.0                1
199  0  0  0  0  1   0   0   0   0   1   0   0   1   0   0   0   0   0   0   0   0   0   0   1   0   0   1   0   0   0   0   0   0   0   1   0   0   0   1   1   0   0   0              0.000000   -10.0                1
200  0  0  0  1  1   0   0   0   0   0   1   0   0   0   0   0   0   1   0   0   0   0   0   0   1   0   1   0   0   0   0   0   0   0   0   0   0   0   0   1   0   0   0              0.000000   -10.0                1
201  0  1  0  0  0   0   0   0   0   1   0   0   0   0   0   0   0   0   0   1   0   0   1   0   0   1   1   0   0   0   0   0   0   0   0   0   1   0   0   0   0   0   0              0.000000   -10.0                1
202  0  0  0  1  0   0   0   0   0   0   0   0   0   0   0   0   0   1   0   0   0   0   0   0   1   1   1   0   0   0   0   0   0   1   0   0   0   0   0   0   0   0   0              0.000000   -10.0                1
203  1  0  0  0  0   0   0   1   0   0   0   1   0   0   0   0   0   0   0   1   0   0   1   0   0   1   0   0   0   0   0   0   0   1   0   0   1   0   0   0   0   0   0              0.000000   -10.0                1
204  0  1  0  1  0   0   0   0   0   0   0   0   0   0   0   0   0   1   0   0   0   0   0   0   0   0   1   0   0   0   0   0   0   1   0   0   0   0   0   1   0   0   0              0.000000   -10.0                1
205  1  0  0  0  0   0   0   1   0   0   0   0   0   0   0   0   0   0   0   1   0   0   0   0   1   1   0   0   0   0   0   0   0   1   0   0   0   0   0   0   0   0   1              0.000000   -10.0                1
206  0  1  0  0  1   0   0   0   0   1   0   0   0   0   0   0   0   0   0   1   0   0   0   1   0   0   1   0   0   0   0   0   0   0   1   0   1   0   0   1   0   0   0              0.000000   -10.0                1
207  0  1  0  0  0   0   0   0   1   1   0   1   0   0   0   0   0   0   0   1   0   0   1   0   0   0   1   0   0   0   0   0   0   0   0   1   0   0   0   0   1   0   0              0.000000   -10.0                1
208  0  0  0  1  0   0   0   0   0   0   0   0   0   0   0   0   0   0   0   1   1   0   0   0   0   0   0   0   0   0   0   0   0   1   0   0   0   1   0   0   0   0   1              0.000000   -10.0                1
209  0  1  0  0  0   0   0   0   0   1   0   0   0   0   0   0   0   0   0   1   0   0   1   1   0   1   1   0   0   0   0   0   0   0   1   0   1   0   0   0   0   0   0              0.000000   -10.0                1
210  0  0  0  1  0   0   0   0   0   1   0   0   0   0   0   0   0   1   0   0   0   0   0   0   0   0   1   0   0   1   0   0   0   1   0   0   0   0   0   0   0   1   0              0.000000   -10.0                1
211  0  0  0  0  0   0   0   0   1   1   0   0   0   0   0   0   0   0   0   1   1   0   0   1   0   0   0   0   0   0   0   0   0   0   0   0   0   1   0   0   0   0   1              0.000000   -10.0                1
212  0  0  0  1  0   1   0   0   0   0   0   0   0   0   0   0   0   0   0   1   0   0   0   0   0   1   0   0   0   1   0   0   1   1   0   0   1   0   0   0   0   0   0              0.000000   -10.0                1
213  0  1  0  0  0   0   0   0   1   1   0   0   0   0   0   0   0   0   0   1   0   0   1   0   0   0   1   0   0   0   0   0   0   0   0   0   0   1   0   0   0   0   0              0.000000   -10.0                1
214  0  1  0  0  0   0   0   0   1   0   0   0   0   0   0   0   0   0   0   1   1   0   1   0   0   0   1   0   0   0   1   0   0   0   0   0   0   0   0   0   0   0   0              0.000000   -10.0                1
215  1  1  0  0  0   0   0   0   1   0   0   0   0   0   0   0   0   0   0   1   0   0   1   0   0   1   1   0   0   0   0   0   0   1   0   0   0   0   0   1   0   0   0              0.000000   -10.0                1
216  0  0  0  0  1   1   0   0   0   1   0   0   0   0   0   0   0   0   0   0   0   0   0   0   1   0   1   0   0   0   1   0   0   0   0   0   0   0   0   1   0   0   0              0.000000   -10.0                1
217  0  0  0  0  0   0   0   0   1   0   0   1   0   0   0   0   0   0   0   1   0   0   1   0   0   0   1   0   0   0   0   0   0   0   0   0   1   0   0   0   0   0   0              0.000000   -10.0                1
218  0  1  0  0  0   0   0   0   0   0   0   0   0   0   0   0   0   0   0   1   0   0   1   0   0   0   1   0   0   0   0   0   0   1   0   1   0   0   0   0   0   0   0              0.000000   -10.0                1
219  0  0  0  1  0   0   0   0   0   0   1   0   0   0   0   1   0   0   0   0   0   0   1   0   0   0   1   0   0   0   0   0   0   1   0   0   1   0   0   0   0   0   0              0.000000   -10.0                1
220  1  0  0  0  0   0   0   0   0   0   0   0   1   1   0   0   0   0   0   1   0   0   0   0   0   1   0   0   0   0   0   0   0   1   0   0   1   0   0   0   0   0   0              0.000000   -10.0                1
221  0  1  0  0  0   0   0   0   1   0   0   0   0   0   0   0   0   0   0   1   1   0   0   0   0   0   1   0   0   0   1   0   0   0   0   0   0   1   0   0   0   0   0              0.000000   -10.0                1
222  1  0  0  0  0   0   0   0   0   0   0   0   1   0   0   0   0   0   0   1   0   0   1   0   0   1   0   0   0   0   0   0   0   1   0   0   0   0   0   0   0   0   0              0.000000   -10.0                1
223  0  0  0  0  1   0   0   0   0   0   1   0   0   0   0   0   0   0   0   1   0   0   0   0   1   0   0   0   0   0   0   0   0   1   0   0   0   1   0   0   0   0   1              0.000000   -10.0                1
224  0  0  0  0  0   0   0   0   1   0   0   1   1   0   0   0   0   0   0   1   0   0   0   0   0   1   0   0   0   0   0   0   1   0   1   0   0   0   0   0   1   0   0              0.000000   -10.0                1
225  0  0  0  1  0   0   0   0   0   0   1   0   0   0   0   1   0   0   0   0   0   0   0   0   1   0   1   0   0   0   0   0   0   1   0   0   1   0   0   0   0   1   0              0.000000   -10.0                1
226  0  1  0  0  0   0   0   0   0   0   1   0   0   0   0   0   0   0   0   1   0   0   0   1   0   0   1   0   0   0   1   0   0   0   0   0   0   0   0   0   0   0   0              0.000000   -10.0                1
227  0  0  0  0  0   0   0   0   0   0   1   0   0   0   0   0   0   1   0   1   0   0   0   0   0   0   1   0   0   0   0   0   0   1   0   0   0   0   0   1   0   0   0              0.000000   -10.0                1
228  0  0  0  1  1   0   1   0   0   1   0   0   0   0   0   0   0   1   0   0   0   0   0   0   0   0   1   0   0   0   0   0   0   0   1   0   0   0   0   1   0   0   0              0.023256   -12.0                1
229  1  0  0  0  0   1   0   1   0   0   0   0   0   0   1   0   0   1   0   0   0   0   0   0   0   0   0   0   0   1   1   0   0   0   0   0   0   0   1   1   0   0   0              0.023256   -10.0                1
230  1  0  0  0  0   1   0   0   1   0   0   0   0   0   0   0   0   0   0   1   1   0   0   0   0   0   0   0   0   1   1   0   0   1   0   0   0   0   0   0   0   0   0              0.023256    -8.0                1
231  0  0  0  1  0   1   0   0   0   0   0   0   1   0   0   0   1   0   0   1   0   0   0   0   0   1   0   0   0   0   0   0   0   0   0   0   1   0   0   1   0   0   0              0.023256    -8.0                1
232  0  0  0  0  1   1   0   0   0   0   0   1   0   0   0   0   0   0   1   0   0   0   0   0   1   1   0   0   0   0   0   0   0   0   0   0   0   0   0   0   1   0   0              0.023256   -10.0                1
233  0  0  0  0  1   0   0   0   0   1   0   0   0   0   0   0   1   0   0   0   0   0   0   1   1   0   0   0   0   0   1   0   0   0   0   0   0   0   0   1   0   0   1              0.023256   -10.0                1
234  0  0  0  0  1   0   0   1   0   1   0   0   0   0   0   0   0   1   0   0   0   0   0   0   1   1   0   0   0   0   0   0   1   0   0   0   0   0   0   0   1   0   0              0.023256   -12.0                1
235  0  0  0  0  1   0   0   1   0   0   0   1   0   0   0   1   0   0   0   0   0   0   1   0   0   0   0   0   0   0   0   0   0   1   0   0   0   0   0   0   0   1   0              0.023256   -12.0                1
236  0  1  0  0  0   0   0   1   0   0   0   0   0   0   1   0   0   1   0   0   0   0   0   0   0   1   0   0   0   0   0   0   0   0   0   0   0   0   0   0   0   0   0              0.023256   -10.0                1
237  0  0  0  0  0   0   1   0   0   1   0   0   0   0   0   0   0   1   0   0   0   0   0   1   0   0   1   0   0   0   1   0   0   0   0   0   0   0   0   0   0   1   0              0.023256   -10.0                1
238  0  1  0  0  0   0   0   0   1   0   0   0   1   0   0   0   0   0   0   1   0   0   0   0   0   0   1   0   0   0   0   0   0   1   0   0   0   0   0   1   0   0   0              0.023256   -10.0                1
239  0  0  1  0  0   0   0   1   1   0   0   1   0   0   0   1   0   0   0   0   0   1   0   0   0   0   0   0   0   1   0   0   0   0   0   0   0   0   0   1   1   0   0              0.000000    -8.0                1
240  0  1  0  1  0   0   1   0   0   0   0   0   0   1   0   1   0   0   0   0   0   0   1   0   0   0   0   0   0   0   0   1   0   0   0   0   0   0   0   0   1   0   0              0.000000    -8.0                1
241  0  0  0  0  0   0   0   0   0   1   0   0   0   1   0   0   0   0   0   0   1   0   0   0   0   0   0   0   0   1   0   0   0   0   0   0   0   0   1   0   1   0   0              0.000000    -8.0                1
242  1  0  1  0  0   0   0   1   0   0   1   0   0   0   0   1   0   0   0   0   0   0   0   0   1   0   0   0   0   1   0   0   0   0   0   0   0   0   0   1   0   0   0              0.000000    -8.0                1
243  1  0  0  0  0   0   0   0   1   0   0   0   0   0   0   0   1   0   0   0   1   0   0   0   0   0   0   0   0   0   0   0   0   0   0   0   0   0   0   0   1   0   0              0.000000    -8.0                1
244  0  1  0  0  0   0   0   1   1   0   0   0   0   0   0   0   0   1   0   0   0   0   1   0   0   1   0   0   0   0   0   0   0   0   0   0   0   0   0   0   1   0   0              0.000000    -8.0                1
245  0  0  0  0  0   1   0   1   0   0   0   0   0   1   0   0   0   1   0   0   0   0   0   0   0   0   0   0   0   1   1   0   0   0   0   0   0   0   1   0   1   0   0              0.000000    -8.0                1
246  1  0  0  0  0   0   0   1   0   0   0   0   0   0   0   1   0   0   0   0   1   0   0   0   0   0   0   0   0   1   0   0   0   1   0   0   0   1   0   1   0   0   0              0.000000    -8.0                1
247  1  0  0  0  0   0   0   0   0   0   0   0   0   1   0   1   0   0   0   0   0   1   0   1   0   0   0   0   0   0   0   0   0   0   0   0   1   0   0   0   0   1   0              0.000000    -8.0                1
248  0  1  1  0  0   0   0   0   0   1   0   0   0   0   0   0   0   1   0   0   0   0   0   0   0   0   1   0   0   0   0   0   0   0   0   0   0   0   1   1   0   0   0              0.000000    -8.0                1
249  0  0  0  0  0   0   0   1   0   0   0   0   0   1   0   1   0   1   0   0   0   0   1   0   0   0   0   0   0   1   0   0   0   1   0   0   0   0   0   0   0   1   0              0.000000    -8.0                1
250  1  0  0  0  1   0   0   1   0   0   0   0   0   1   0   1   0   0   0   0   1   0   0   0   0   0   0   0   0   0   0   0   0   0   0   0   0   0   0   0   0   1   0              0.000000    -8.0                1
251  0  1  0  0  0   0   0   1   0   0   0   0   0   0   0   1   0   0   0   0   0   0   0   0   0   1   0   0   0   0   0   0   0   1   1   0   1   0   0   1   0   0   0              0.000000    -8.0                1
252  1  0  0  0  0   0   1   0   0   0   0   0   0   1   0   1   0   0   0   0   0   0   0   1   0   0   0   0   1   0   1   0   0   0   0   0   1   0   0   0   0   0   0              0.000000    -8.0                1
253  0  0  0  0  0   0   1   0   0   0   0   0   0   0   0   0   0   1   0   0   0   1   0   0   0   1   0   0   1   0   0   0   1   0   0   0   0   0   0   0   1   0   0              0.000000    -8.0                1
254  1  0  0  0  0   0   0   1   0   1   0   0   0   0   0   0   0   0   0   0   0   0   0   0   1   1   0   0   0   0   0   0   1   0   0   0   0   0   0   0   1   0   0              0.000000    -8.0                1
255  0  1  0  1  0   0   0   0   0   0   0   0   0   0   0   0   0   1   0   0   0   0   0   0   0   1   0   0   0   0   0   0   0   1   1   1   0   0   0   1   0   0   0              0.000000    -8.0                1
256  0  0  0  1  0   0   0   0   0   1   0   0   1   0   0   0   0   0   0   0   0   0   0   0   0   0   0   0   0   1   0   0   0   0   1   0   0   0   1   0   1   0   0              0.000000    -8.0                1
257  1  0  0  0  0   0   1   0   0   0   0   0   0   0   1   1   0   1   0   0   0   0   1   0   0   0   0   0   0   0   0   0   0   0   0   0   0   0   0   0   0   1   0              0.000000    -8.0                1
258  1  0  0  1  0   0   0   0   0   0   0   0   0   0   0   0   0   0   0   0   0   0   0   0   1   1   0   0   0   1   0   0   0   1   0   0   1   0   0   1   0   0   0              0.000000    -8.0                1
259  0  0  0  0  1   0   1   0   0   0   0   0   0   0   0   1   0   0   0   0   0   0   1   0   0   0   1   0   0   0   0   0   0   0   0   1   0   0   0   0   0   1   0              0.000000    -8.0                1
260  0  1  0  0  0   0   0   0   0   1   0   0   0   0   0   1   0   0   0   0   0   0   0   1   0   0   1   0   0   0   0   0   0   0   1   0   1   0   0   1   0   0   0              0.000000    -8.0                1
261  0  1  0  0  0   0   0   0   0   0   0   0   0   0   1   0   0   1   0   0   0   0   0   0   0   1   1   0   0   0   0   0   0   0   1   0   1   0   1   1   0   0   0              0.000000    -8.0                1
262  0  1  0  0  0   0   0   1   0   0   0   0   0   0   0   0   0   1   0   0   1   0   0   0   0   0   0   0   0   1   0   0   0   1   1   0   0   0   0   0   0   1   0              0.000000    -8.0                1
263  0  1  0  0  0   1   0   0   1   0   0   0   0   0   0   0   0   0   0   1   0   0   0   1   0   1   0   0   0   0   0   1   0   0   0   0   0   0   0   1   0   0   0              0.000000    -8.0                1
264  0  0  0  0  0   0   0   0   0   1   0   0   0   1   0   0   0   1   0   0   1   0   0   0   0   0   0   0   1   1   1   0   0   0   0   0   0   0   0   0   1   0   0              0.000000    -8.0                1
265  0  1  0  0  1   0   0   1   0   0   0   1   0   0   0   0   0   0   0   0   0   0   0   0   1   0   0   0   0   0   0   0   1   0   0   0   0   0   0   0   1   0   0              0.000000    -8.0                1
266  1  0  0  0  0   0   0   1   0   1   0   0   0   0   0   0   0   0   0   0   0   0   0   0   1   1   0   0   0   0   0   0   1   0   0   0   1   0   0   1   0   0   0              0.000000    -8.0                1
267  1  0  0  0  0   0   0   0   1   0   0   0   0   0   0   1   0   0   0   0   1   0   0   0   0   0   0   0   1   1   0   0   0   1   0   0   1   0   0   0   0   0   0              0.000000    -8.0                1
268  0  1  0  0  1   0   0   1   0   0   0   1   0   0   0   0   0   0   0   0   1   0   1   0   0   0   0   0   0   0   0   0   0   1   0   1   0   0   0   0   1   0   0              0.000000    -8.0                1
269  0  0  0  0  0   0   0   0   0   0   0   0   0   1   0   0   0   1   0   0   0   0   0   0   1   0   0   0   0   0   0   0   0   1   0   1   0   0   0   0   1   0   0              0.000000    -8.0                1
270  0  0  0  1  0   0   0   1   0   0   0   0   0   0   0   0   0   1   0   0   1   0   0   0   1   0   0   0   0   0   0   0   0   1   0   0   0   0   0   0   1   0   0              0.000000    -8.0                1
271  0  0  1  1  0   1   0   0   0   0   0   0   0   0   1   0   0   0   0   0   0   0   0   0   1   0   1   0   0   0   0   0   1   0   0   0   1   0   0   0   0   0   0              0.000000    -8.0                1
272  0  1  0  0  0   0   0   0   0   1   0   0   0   0   0   0   0   0   0   1   1   0   0   0   0   0   0   0   0   1   0   0   0   0   0   0   0   1   0   0   0   0   0              0.000000    -8.0                1
273  0  1  0  0  0   0   0   0   1   0   0   0   0   1   0   0   0   1   0   0   1   0   0   0   0   0   0   0   0   0   0   0   0   1   0   0   0   1   0   0   0   0   0              0.000000    -8.0                1
274  0  1  0  0  1   0   0   0   0   0   0   1   0   0   0   0   0   0   0   0   0   0   0   0   1   0   1   0   0   0   0   0   0   0   1   0   0   0   0   1   0   0   0              0.000000    -8.0                1
275  0  1  0  0  0   0   0   0   1   0   0   0   0   0   0   0   0   0   0   1   0   0   0   0   0   0   0   0   0   0   1   0   0   1   0   1   0   0   0   0   0   0   0              0.000000    -8.0                1
276  0  0  0  0  0   0   0   1   1   1   0   1   0   0   0   0   0   0   0   1   1   0   0   0   0   0   0   0   0   0   0   0   0   0   0   0   0   1   0   0   1   0   0              0.000000    -8.0                1
277  0  1  0  0  0   0   0   0   1   0   0   0   0   0   0   0   0   1   0   1   0   0   1   0   0   1   0   0   0   0   0   0   0   1   0   0   0   0   0   0   1   0   0              0.000000    -8.0                1
278  0  0  0  0  1   0   1   1   0   0   0   0   0   0   1   0   0   0   0   0   0   0   1   0   0   0   1   0   0   0   0   0   0   0   0   0   0   0   0   0   0   1   0              0.000000    -8.0                1
279  1  0  0  0  0   0   0   0   1   0   0   0   0   1   0   0   0   0   0   0   0   0   0   0   0   1   0   0   0   0   0   0   0   1   0   0   0   0   0   0   0   0   0              0.000000    -8.0                1
280  0  0  0  1  1   0   0   0   0   0   0   0   1   0   0   0   0   0   0   0   1   0   0   0   0   0   0   0   0   0   0   0   0   1   0   1   0   0   0   0   1   1   0              0.000000    -8.0                1
281  0  0  0  1  0   0   0   0   0   0   0   0   1   1   0   1   0   0   0   0   0   0   0   0   0   0   0   0   1   0   0   0   0   1   0   0   1   0   0   1   0   0   0              0.000000    -8.0                1
282  0  0  0  0  1   0   0   1   0   0   0   0   1   0   0   0   0   0   0   0   0   0   0   0   1   1   0   0   0   0   0   0   0   1   0   0   1   0   0   1   0   0   0              0.000000    -8.0                1
283  0  0  0  1  1   0   0   0   0   0   0   0   0   0   0   0   0   0   0   0   0   0   0   0   0   0   1   0   0   0   0   0   0   0   1   0   0   0   0   1   0   0   0              0.000000    -8.0                1
284  0  1  0  1  0   0   0   1   0   1   0   0   0   0   0   0   0   0   0   0   0   0   1   0   0   0   1   0   0   0   0   0   0   0   0   0   1   0   0   0   0   0   0              0.000000    -8.0                1
285  0  1  0  0  0   0   0   1   0   0   0   0   0   0   0   0   0   0   0   1   0   0   0   1   0   0   0   0   0   0   0   0   0   1   0   0   1   0   0   0   0   0   1              0.000000    -8.0                1
286  0  0  0  0  1   0   0   1   0   1   1   0   0   0   0   0   0   0   0   0   0   0   0   0   1   0   0   0   0   0   1   0   0   0   0   0   0   0   0   1   1   0   0              0.000000    -8.0                1
287  0  0  0  0  0   0   0   0   0   0   0   0   0   0   0   0   0   0   0   1   0   0   0   1   1   0   0   1   0   0   1   0   0   0   0   0   0   1   0   1   0   0   0              0.000000    -8.0                1
288  0  1  0  0  0   0   0   0   1   0   0   0   0   0   0   0   0   1   0   1   0   0   0   0   0   0   0   0   0   0   0   0   0   1   0   1   0   1   0   0   0   0   1              0.000000    -8.0                1
289  0  1  0  0  0   0   1   0   0   0   0   0   0   0   0   0   0   0   0   1   0   1   0   1   0   0   1   0   0   0   0   0   0   0   1   1   1   0   0   0   0   0   0              0.000000    -8.0                1
290  0  1  0  0  0   0   0   0   0   0   0   1   0   0   0   0   0   0   0   1   0   0   1   0   0   1   0   0   0   0   0   0   0   1   1   0   0   0   0   1   0   0   0              0.000000    -8.0                1
291  0  0  0  0  0   0   0   1   0   0   0   0   0   0   1   1   0   1   0   0   0   0   0   0   0   0   0   0   0   0   1   0   0   0   0   0   0   0   0   1   0   1   0              0.000000    -8.0                1
292  1  0  0  0  0   1   0   0   0   0   0   0   0   0   0   0   0   0   0   1   0   0   0   1   0   1   0   0   0   0   1   0   0   0   0   0   0   0   0   1   0   0   0              0.000000    -8.0                1
293  0  0  0  0  0   0   0   0   0   0   0   1   0   0   0   0   0   0   0   1   0   0   0   1   0   0   1   0   0   0   0   0   0   0   0   0   0   0   0   1   0   0   0              0.000000    -8.0                1
294  0  0  0  0  1   1   0   0   0   0   0   0   0   1   0   0   0   0   0   0   0   0   0   1   1   1   0   0   0   0   1   0   0   0   0   0   1   0   0   0   0   0   1              0.000000    -8.0                1
295  0  0  0  0  1   0   0   0   1   1   0   0   0   0   0   0   0   0   0   0   0   0   0   0   1   0   0   0   1   0   0   0   0   1   0   0   0   1   0   0   0   0   1              0.000000    -8.0                1
296  0  0  0  1  1   1   0   0   0   0   0   1   0   0   0   0   0   0   0   1   0   0   0   0   1   1   0   0   0   0   0   0   1   0   0   0   0   0   0   0   0   0   1              0.000000    -8.0                1
297  0  1  0  0  0   0   0   0   1   0   0   1   0   0   0   0   0   0   0   1   0   0   1   0   0   0   1   0   0   0   1   0   0   0   0   0   0   0   1   1   0   0   0              0.000000    -8.0                1
298  0  1  0  0  0   0   0   0   0   1   0   0   0   0   1   0   0   1   0   0   0   0   0   0   0   0   1   0   1   0   0   0   0   1   0   0   0   0   0   1   0   0   0              0.000000    -8.0                1
299  0  0  0  0  0   0   0   0   0   0   0   0   1   0   0   0   0   0   0   1   0   0   0   1   0   1   0   0   0   0   0   0   0   0   0   0   0   0   0   0   0   0   0              0.000000    -8.0                1
300  0  1  0  0  0   0   0   0   0   1   0   0   0   0   0   0   0   0   0   1   1   0   0   0   0   0   1   0   0   0   0   0   0   1   1   0   0   0   0   1   0   0   0              0.000000    -8.0                1
301  0  0  0  0  0   0   0   0   1   0   0   0   1   0   0   0   0   0   0   1   0   0   0   1   0   0   0   0   0   0   0   0   0   0   1   1   0   0   0   1   0   0   0              0.000000    -8.0                1
302  0  0  0  0  0   0   0   0   0   0   1   0   0   0   0   0   0   0   0   1   0   0   0   1   0   1   1   0   0   0   0   0   0   0   1   0   0   0   0   1   0   0   0              0.000000    -8.0                1
303  0  0  0  0  1   1   0   0   0   0   0   0   0   0   0   0   0   0   0   1   0   0   0   0   1   1   0   0   0   0   0   0   1   1   0   0   0   0   0   0   0   0   1              0.000000    -8.0                1
304  1  0  0  1  0   0   0   0   0   0   0   0   1   0   0   0   0   0   0   1   0   0   0   0   0   1   0   0   0   0   0   0   0   1   1   0   0   0   0   0   0   0   1              0.000000    -8.0                1
305  0  0  0  1  0   1   0   0   0   0   0   0   0   0   0   0   0   1   0   0   0   0   0   0   0   1   0   0   0   1   0   0   0   1   0   0   0   0   0   1   0   0   0              0.023256   -12.0                1
306  0  0  0  0  1   0   1   0   0   1   0   0   0   0   0   1   0   0   0   0   0   0   0   0   0   0   0   0   1   0   0   0   0   0   0   0   0   0   0   0   1   0   0              0.023256   -10.0                1
307  0  0  0  0  1   0   1   0   0   0   0   0   0   1   0   1   0   0   0   0   0   0   0   1   0   0   0   0   0   0   1   0   0   0   0   0   0   0   0   0   0   1   1              0.023256   -10.0                1
308  0  0  0  0  0   0   1   0   0   1   0   0   0   0   0   0   0   1   0   0   0   0   0   0   0   0   0   0   1   0   0   0   0   0   1   0   0   0   0   0   1   0   0              0.023256   -10.0                1
309  0  0  0  0  1   0   0   1   0   1   0   1   0   0   0   0   0   0   0   0   0   0   0   0   1   0   0   0   0   0   0   0   1   0   0   0   0   0   0   1   0   0   0              0.023256   -10.0                1
310  1  0  0  0  0   1   0   0   0   0   0   0   0   0   0   0   0   0   0   1   0   0   0   0   0   1   0   0   0   0   0   0   0   1   0   0   1   0   0   1   0   0   0              0.023256   -10.0                1
311  1  0  0  0  0   0   0   1   0   0   1   0   0   0   0   1   0   0   0   0   0   0   0   0   1   1   0   0   0   0   0   0   0   1   0   0   0   0   0   1   0   0   0              0.023256   -12.0                1
312  0  0  0  0  1   1   0   1   0   0   0   0   0   0   0   0   0   1   0   0   0   0   0   1   0   1   0   0   0   0   0   0   0   0   0   0   0   0   1   1   0   0   0              0.023256    -8.0                1
313  0  1  0  0  0   0   0   0   0   0   0   0   0   0   0   0   0   1   0   0   1   0   0   0   0   0   0   0   0   0   0   0   0   0   0   1   0   0   0   0   1   0   0              0.023256   -10.0                1
314  0  1  0  0  0   0   0   0   0   0   0   0   0   0   0   0   1   0   0   0   0   0   0   1   0   1   0   0   0   0   0   0   0   0   0   0   1   1   0   0   0   0   1              0.023256   -10.0                1
315  1  0  0  0  0   0   0   1   0   0   0   0   0   0   1   1   0   0   0   0   0   0   0   0   1   1   0   0   0   0   1   0   0   0   0   0   0   0   1   1   0   0   0              0.023256    -8.0                1
316  0  0  0  0  1   1   0   0   0   1   0   0   0   0   0   0   0   1   0   0   0   0   0   0   1   0   1   0   0   0   0   0   0   0   0   0   0   0   0   1   0   0   0              0.023256   -10.0                1
317  0  0  0  0  1   0   0   1   0   0   0   1   0   0   0   1   0   0   0   0   0   0   0   0   1   0   1   0   0   0   0   0   0   1   0   0   0   0   0   1   0   0   0              0.023256   -10.0                1
318  0  0  0  1  0   0   0   0   0   0   0   0   0   1   0   1   0   1   0   0   0   0   0   0   0   0   0   0   0   1   0   1   0   0   0   0   0   0   0   0   1   0   0              0.023256   -12.0                1
319  0  0  0  1  0   1   0   0   0   0   0   0   1   0   0   0   0   0   0   0   0   0   0   0   1   1   0   0   0   0   0   0   0   1   0   0   1   1   0   0   0   0   1              0.023256    -8.0                1
320  0  0  0  1  0   0   0   0   0   0   0   0   0   0   0   0   0   0   0   1   0   0   0   1   0   0   1   0   0   0   0   0   0   0   1   0   0   0   0   1   0   0   0              0.023256   -10.0                1
321  1  0  0  0  0   0   0   1   0   0   0   1   0   0   0   1   0   0   0   0   1   0   1   0   0   0   0   0   0   1   0   0   0   1   0   0   0   0   0   0   0   1   0              0.023256   -10.0                1
322  0  0  0  0  0   1   0   0   0   0   0   0   1   0   0   0   0   0   0   1   0   0   0   1   0   1   0   0   0   0   0   0   1   0   0   0   0   0   0   0   0   0   0              0.046512   -12.0                1
323  1  0  0  0  0   0   0   1   0   0   0   0   0   0   0   0   0   0   0   0   0   0   0   0   1   1   0   0   0   0   0   0   0   0   0   0   0   0   1   0   0   0   1              0.023256    -8.0                1
324  0  0  0  1  0   0   1   0   0   0   0   0   0   1   0   1   0   1   0   0   0   0   0   0   0   0   0   0   0   1   0   1   0   0   0   1   0   0   0   0   1   0   0              0.023256   -10.0                1
325  0  0  0  1  0   0   1   0   0   0   0   0   0   1   0   1   0   0   0   0   0   0   1   0   0   0   0   0   0   0   0   0   0   1   0   0   1   0   0   0   1   1   0              0.023256    -8.0                1
326  0  0  0  0  1   0   1   1   0   0   0   0   0   0   0   1   0   0   0   0   0   0   0   0   1   0   0   0   0   0   0   0   0   1   0   0   0   1   0   0   1   0   0              0.023256    -6.0                1
327  1  0  0  0  1   0   1   0   0   0   0   0   0   0   0   1   0   0   0   0   0   0   1   0   0   0   0   0   1   0   0   0   0   0   0   1   0   0   0   0   0   0   0              0.023256    -8.0                1
328  1  0  0  0  0   0   1   0   0   0   0   0   0   0   1   0   0   0   0   1   0   0   1   0   0   0   1   0   0   0   1   0   0   0   0   1   0   0   0   0   0   0   0              0.023256    -8.0                1
329  0  0  0  0  0   0   0   1   0   1   0   1   0   0   0   0   0   1   0   0   0   0   0   0   0   0   0   0   0   0   0   1   1   0   0   0   0   0   0   0   1   0   0              0.000000    -6.0                1
330  0  1  0  0  0   0   0   1   0   0   0   0   0   0   1   0   0   0   0   0   0   0   1   0   0   1   0   0   0   0   0   0   0   0   1   0   0   1   0   0   1   0   0              0.000000    -6.0                1
331  0  0  0  0  1   0   0   0   0   1   0   0   0   0   0   0   0   0   0   0   0   0   1   1   0   0   0   0   0   0   0   1   0   0   1   0   0   0   0   0   0   0   0              0.000000    -6.0                1
332  0  0  0  0  1   0   0   0   0   0   0   1   0   0   0   1   0   0   0   0   0   0   0   1   1   0   0   0   0   0   0   0   1   0   0   0   0   0   0   0   0   0   0              0.000000    -6.0                1
333  1  0  0  0  0   0   0   1   1   0   0   0   0   0   1   1   0   0   0   0   0   0   1   0   0   1   0   0   0   1   0   0   0   0   0   0   0   0   0   1   0   0   0              0.000000    -6.0                1
334  0  0  1  1  0   0   0   0   0   1   0   0   0   0   0   0   0   0   1   0   0   0   1   0   0   0   1   0   0   1   0   0   0   0   0   0   1   0   0   0   0   1   0              0.000000    -6.0                1
335  0  0  0  1  0   0   0   0   0   0   0   0   0   0   0   0   1   1   0   0   0   0   0   0   1   1   0   0   0   1   0   0   0   0   0   0   0   1   0   0   0   0   0              0.000000    -6.0                1
336  0  0  0  0  1   0   0   1   0   1   1   0   0   0   0   1   0   0   0   0   0   0   0   0   0   0   0   0   0   0   0   1   0   0   0   0   0   1   0   0   0   0   1              0.000000    -6.0                1
337  1  1  0  0  0   0   0   1   0   0   0   0   0   0   1   0   0   1   0   0   0   0   0   0   0   0   0   0   0   0   1   0   0   1   1   0   0   0   0   1   0   0   0              0.000000    -6.0                1
338  1  0  0  1  0   1   0   0   0   0   0   0   0   0   0   0   0   1   0   1   1   0   0   0   0   0   0   0   0   1   0   0   0   1   0   0   0   0   0   1   0   0   0              0.000000    -6.0                1
339  0  0  0  0  0   1   0   0   0   0   0   1   0   0   0   0   0   0   0   0   0   0   0   0   1   0   0   1   0   1   0   0   0   1   0   0   0   0   0   1   0   0   0              0.000000    -6.0                1
340  0  0  0  1  1   0   1   0   0   1   0   0   0   0   0   0   0   0   0   0   0   0   0   0   1   0   1   0   0   0   0   0   0   0   0   0   0   0   1   1   0   0   0              0.000000    -6.0                1
341  0  0  0  1  1   0   0   0   0   0   0   0   0   0   0   0   0   1   0   0   0   0   0   0   0   1   0   0   0   0   0   0   1   0   0   1   0   0   0   0   0   0   0              0.000000    -6.0                1
342  0  0  0  1  0   0   0   0   0   0   0   0   1   0   0   0   0   0   0   1   0   0   1   1   0   1   0   1   0   0   0   0   0   0   0   0   0   0   1   1   0   0   0              0.000000    -6.0                1
343  1  1  0  0  0   0   0   1   1   0   1   0   0   0   0   0   0   0   0   0   1   0   0   0   0   0   0   0   0   0   1   0   0   0   0   0   0   0   0   1   0   0   0              0.000000    -6.0                1
344  0  0  0  0  0   0   0   1   0   0   1   0   0   0   0   0   0   0   0   1   0   0   0   0   1   0   0   0   0   0   0   0   0   0   0   0   0   0   0   0   1   0   1              0.000000    -6.0                1
345  0  0  0  0  1   0   0   1   0   0   0   0   0   0   0   0   0   1   0   0   0   0   0   0   1   1   0   0   0   0   0   0   0   1   1   0   1   0   0   1   0   0   0              0.000000    -6.0                1
346  0  0  1  0  0   1   0   0   0   0   0   0   0   0   1   0   0   1   0   0   0   0   0   0   1   0   1   1   0   0   0   1   0   0   0   0   0   0   0   1   0   0   0              0.000000    -6.0                1
347  0  0  0  1  0   0   0   0   1   1   0   0   0   0   0   0   0   1   0   1   1   0   0   0   0   0   0   0   0   0   0   0   0   1   0   0   0   1   0   1   0   0   0              0.000000    -6.0                1
348  0  0  0  1  0   0   0   0   0   1   0   0   0   1   0   0   0   0   0   0   0   0   0   0   0   0   1   0   1   0   0   0   0   1   0   0   1   0   0   0   0   0   1              0.000000    -6.0                1
349  1  0  0  0  0   0   0   0   1   0   0   0   0   0   0   1   0   0   0   1   0   0   0   0   0   0   0   0   0   0   1   0   0   0   0   0   0   1   0   1   0   0   0              0.000000    -6.0                1
350  0  0  0  1  1   0   0   0   0   0   0   0   0   1   0   0   0   0   0   0   0   0   0   0   0   1   1   0   0   0   0   0   0   0   1   0   1   0   0   0   0   0   0              0.000000    -6.0                1
351  0  0  0  0  0   0   0   0   0   1   0   0   0   0   0   0   0   1   0   1   0   0   0   1   0   1   0   0   0   0   0   0   1   0   1   0   0   0   0   0   1   0   0              0.000000    -6.0                1
352  1  1  0  0  0   0   0   0   0   0   0   0   0   0   1   0   0   0   0   1   0   0   0   0   0   1   1   0   0   0   0   0   0   1   0   0   1   0   0   1   0   0   0              0.000000    -6.0                1
353  0  0  0  1  0   0   0   0   0   0   0   0   1   0   0   1   0   0   0   1   0   0   1   0   0   0   0   0   0   0   0   0   0   1   0   0   0   0   0   0   1   1   0              0.000000    -6.0                1
354  0  0  0  0  0   0   0   0   0   1   0   0   0   0   0   0   0   1   0   0   0   0   0   0   1   0   1   0   1   0   0   0   0   1   0   0   0   1   0   1   0   0   0              0.000000    -6.0                1
355  0  1  0  0  0   0   0   1   0   1   0   0   0   0   0   0   0   1   0   0   0   0   0   0   0   1   0   0   0   0   0   0   0   0   1   0   0   0   1   1   1   0   0              0.023256   -14.0                1
356  0  0  0  1  1   0   0   1   0   0   0   0   0   0   0   1   0   0   0   0   0   0   1   0   0   0   0   0   0   0   0   0   0   1   0   0   0   0   0   0   1   1   0              0.023256    -8.0                1
357  0  0  0  1  0   1   0   0   0   0   0   0   0   0   0   0   0   0   0   1   0   0   0   0   1   1   0   0   0   0   0   0   1   1   0   0   1   0   0   0   0   0   0              0.023256   -12.0                1
358  1  0  0  0  0   0   1   1   0   0   0   0   0   0   1   1   0   1   0   0   0   0   0   0   1   0   0   1   0   0   0   0   0   0   0   0   0   0   0   1   0   0   0              0.023256    -8.0                1
359  0  1  0  0  0   0   0   1   0   1   0   1   0   0   0   0   0   1   0   0   0   0   1   0   0   0   0   0   0   1   0   0   0   0   0   0   0   0   0   0   0   0   0              0.023256    -6.0                1
360  0  0  0  0  0   0   0   0   1   1   0   0   0   0   0   0   0   0   1   0   0   0   1   0   0   0   0   0   0   0   0   1   0   0   0   0   0   0   1   0   1   0   0              0.023256   -12.0                1
361  0  0  0  0  0   0   0   0   0   0   0   0   0   0   1   0   0   1   0   0   1   0   0   0   0   0   0   0   0   0   0   0   0   0   1   0   0   1   0   0   0   1   0              0.023256   -10.0                1
362  0  0  0  0  0   1   0   0   0   0   0   0   0   0   0   1   0   0   0   0   0   0   0   1   0   0   0   0   0   1   1   0   0   0   0   0   0   0   0   1   0   1   0              0.023256    -8.0                1
363  0  1  0  0  0   0   0   1   0   0   0   0   0   0   0   0   0   1   0   0   1   0   1   0   0   0   0   0   0   0   1   0   0   0   1   0   0   0   0   0   0   1   0              0.023256    -6.0                1
364  0  0  0  0  0   0   0   0   1   0   1   0   1   0   0   0   0   0   0   1   0   0   0   0   0   0   0   0   0   0   0   0   0   1   0   0   0   1   0   0   0   0   0              0.023256   -10.0                1
365  0  0  0  0  1   0   1   0   0   0   0   0   0   0   0   0   0   0   0   1   0   0   0   0   0   0   0   0   0   0   0   0   0   0   1   0   0   1   0   1   0   0   0              0.023256    -8.0                1
366  1  0  0  1  0   0   0   0   0   0   0   0   0   0   0   0   0   1   0   0   1   0   0   0   0   0   0   0   0   1   0   0   0   1   0   0   0   0   0   0   0   1   0              0.023256   -10.0                1
367  0  0  0  0  1   0   0   1   0   0   1   0   0   0   0   1   0   0   0   0   0   0   0   0   0   0   0   0   0   0   0   0   0   1   0   0   0   0   0   1   0   0   0              0.023256   -12.0                1
368  0  1  0  0  0   0   0   1   1   1   0   0   0   0   0   0   0   1   0   0   0   0   0   0   0   0   0   0   0   1   1   0   0   0   0   0   0   0   0   1   0   1   0              0.023256    -6.0                1
369  0  0  0  0  1   1   0   0   0   0   0   1   0   0   0   0   0   0   1   1   0   0   0   0   1   1   0   0   0   0   0   0   0   1   0   0   0   0   0   1   0   0   0              0.023256    -6.0                1
370  1  0  0  1  0   0   0   0   0   0   0   0   1   0   0   1   0   0   0   0   0   0   0   0   0   0   0   0   0   1   0   0   0   0   0   0   1   0   0   0   0   1   0              0.023256   -10.0                1
371  0  0  0  0  0   0   0   0   1   1   0   0   0   0   0   0   0   0   0   1   0   0   1   1   0   0   1   0   0   1   0   0   0   1   0   0   0   0   0   0   0   1   0              0.023256    -6.0                1
372  0  0  0  0  1   0   0   0   0   1   0   0   0   0   0   1   0   0   0   0   0   0   1   1   0   0   1   0   0   0   0   0   0   1   0   0   1   0   0   0   0   1   0              0.023256    -6.0                1
373  0  0  0  0  1   0   0   1   0   0   0   0   0   0   0   0   0   1   0   0   0   0   1   0   0   1   0   0   0   0   0   0   1   1   0   0   0   0   0   0   0   0   0              0.023256    -6.0                1
374  1  0  0  0  0   1   0   1   0   0   0   0   0   0   0   1   0   0   0   0   0   0   0   1   0   0   0   0   0   1   0   0   0   0   0   0   0   0   0   1   0   1   0              0.000000    -4.0                1
375  0  1  0  0  0   0   0   0   1   1   0   0   0   0   0   0   0   0   0   0   0   0   0   1   0   0   0   0   0   0   0   1   0   0   1   0   1   0   1   1   0   0   0              0.000000    -4.0                1
376  1  0  0  0  0   0   0   1   0   0   0   0   0   0   0   0   0   0   0   0   1   0   1   0   0   0   0   0   0   1   0   0   0   1   0   0   0   0   0   1   1   0   0              0.000000    -4.0                1
377  0  1  0  0  0   0   0   0   1   0   0   0   0   0   1   0   0   1   0   0   0   0   0   0   0   1   0   0   0   0   0   0   0   1   1   0   0   1   0   0   0   0   0              0.000000    -4.0                1
378  0  1  0  1  0   0   0   1   0   1   0   0   0   1   0   0   0   1   0   0   0   0   0   0   0   0   0   0   0   0   0   0   0   0   0   0   0   0   1   0   1   0   1              0.023256    -4.0                1
379  0  0  0  0  1   1   0   0   0   1   0   0   0   0   0   0   0   1   0   0   0   0   0   1   0   0   0   0   0   0   0   0   1   0   0   0   0   0   0   0   1   0   0              0.023256    -6.0                1
380  0  1  0  1  0   0   0   0   0   0   0   0   0   0   0   0   0   1   0   1   0   0   1   0   0   1   0   0   0   0   0   0   0   1   0   0   0   0   1   0   1   0   0              0.023256    -6.0                1
381  1  0  0  0  1   0   0   1   0   0   0   0   1   0   0   1   0   0   0   0   0   0   0   0   0   0   0   0   0   0   0   0   0   1   1   0   0   1   0   1   0   1   0              0.023256    -6.0                1
382  0  0  1  0  0   1   0   0   0   0   0   0   0   0   0   0   0   0   0   1   0   0   0   0   0   0   0   0   0   1   0   0   1   1   0   1   0   0   0   0   0   0   0              0.023256    -8.0                1
383  1  0  0  0  0   0   0   1   0   0   1   0   0   0   0   0   0   1   0   0   0   0   0   0   0   0   0   0   0   1   0   0   0   0   1   0   0   0   1   1   0   0   0              0.046512   -10.0                1
384  1  0  0  0  0   0   0   1   0   0   1   0   0   0   0   0   0   1   0   0   0   0   0   0   0   0   0   0   0   1   0   0   0   1   0   0   1   0   0   0   0   0   0              0.023256   -10.0                1
385  0  0  0  1  0   1   0   0   0   0   0   0   0   0   0   0   0   0   0   0   0   0   0   0   0   1   0   0   0   0   0   0   1   1   0   0   0   0   0   0   0   0   1              0.023256    -8.0                1
386  0  0  0  1  0   0   0   0   0   1   0   0   0   0   0   0   0   0   0   1   1   0   0   0   0   0   0   0   0   0   0   0   0   0   1   0   0   0   0   0   1   0   0              0.046512   -12.0                1
387  0  1  0  0  1   0   0   0   0   0   0   0   0   0   0   0   0   0   0   1   0   1   1   0   0   1   0   0   0   0   0   0   0   0   0   0   0   0   0   0   1   0   0              0.023256    -6.0                1
388  1  0  0  0  0   0   0   0   1   0   0   0   0   1   0   0   1   0   0   0   1   0   0   1   0   0   0   0   0   1   1   0   0   0   0   0   0   0   0   0   0   1   0              0.046512   -12.0                1
389  0  0  0  0  0   1   0   1   0   1   0   0   0   0   0   0   0   1   0   0   0   0   0   0   0   0   0   0   0   1   0   0   0   0   0   0   1   0   0   1   0   0   0              0.023256    -8.0                1
390  0  1  0  0  0   0   0   1   0   1   0   0   0   0   1   0   0   1   0   0   0   0   1   0   0   0   0   0   0   1   1   0   0   0   0   1   0   0   0   0   0   1   0              0.000000    -2.0                1
391  1  0  0  0  0   0   0   1   0   0   0   0   0   0   0   0   0   1   0   0   1   0   0   0   1   0   0   0   0   0   0   1   0   1   0   0   0   1   0   0   0   0   0              0.000000    -2.0                1
392  0  1  0  0  0   0   0   0   0   0   0   0   0   0   0   0   0   0   0   1   0   0   1   0   0   0   1   0   0   1   0   0   0   0   0   0   0   1   0   0   0   0   0              0.000000    -2.0                1
393  0  0  0  0  0   1   0   1   0   0   0   0   0   0   0   0   0   1   0   0   1   0   0   0   1   1   0   0   0   0   0   0   0   0   0   0   0   0   0   0   0   0   0              0.023256    -6.0                1
394  0  1  0  1  0   0   0   0   0   0   0   0   0   1   0   0   0   1   0   0   0   0   0   0   0   1   1   0   0   0   0   0   0   1   0   0   0   0   0   1   0   0   0              0.023256   -10.0                1
395  0  0  0  0  0   1   0   0   0   1   0   1   0   0   0   0   0   0   0   1   0   0   0   0   1   1   0   0   0   0   0   0   1   1   0   0   0   0   0   0   0   0   0              0.023256    -4.0                1
396  0  1  0  1  0   1   0   0   0   1   0   0   0   0   0   0   0   1   0   0   1   0   0   0   0   0   0   0   0   0   0   0   0   1   0   0   0   0   0   1   0   0   0              0.023256    -8.0                1