n	qpu_t	find_embedding_t	FixedEmbedding_t	num_qubits	topology
6	1.1969988346099854	2.1393613815307617	0.01524972915649414	138	pegasus
6	1.144383430480957	1.6849331855773926	0.020376920700073242	149	pegasus
6	1.1412580013275146	1.127612829208374	0.020025014877319336	149	pegasus
6	1.0839362144470215	1.458493709564209	0.02051687240600586	143	pegasus
6	1.2191858291625977	4.181762456893921	0.01943659782409668	138	pegasus
6	1.130944013595581	1.3148045539855957	0.019158124923706055	151	pegasus
6	1.1903252601623535	1.6539676189422607	0.018895626068115234	137	pegasus
6	0.9461164474487305	1.321803331375122	0.019576072692871094	152	pegasus
6	1.400987148284912	2.2768912315368652	0.02061748504638672	142	pegasus
6	0.9486398696899414	1.5925242900848389	0.021177291870117188	153	pegasus
6	1.3309545516967773	1.6979200839996338	0.020366907119750977	151	pegasus
6	0.9349546432495117	2.222801685333252	0.02187824249267578	143	pegasus
6	0.9462049007415771	1.6173689365386963	0.022674083709716797	151	pegasus
6	1.4252402782440186	2.1226916313171387	0.02123570442199707	143	pegasus
6	1.0415596961975098	1.1165802478790283	0.01993536949157715	153	pegasus
6	0.9985778331756592	1.256868839263916	0.021219253540039062	153	pegasus
6	1.5244920253753662	1.9098522663116455	0.024944067001342773	147	pegasus
6	1.0314867496490479	2.3193087577819824	0.022320270538330078	135	pegasus
6	1.0516164302825928	2.3730223178863525	0.021371126174926758	138	pegasus
6	1.029747486114502	2.02129864692688	0.022608041763305664	148	pegasus
6	1.000791072845459	1.44305419921875	0.02145218849182129	151	pegasus
6	1.2398040294647217	1.9740004539489746	0.021308183670043945	143	pegasus
6	0.9804422855377197	2.4345991611480713	0.02211165428161621	149	pegasus
6	0.9733114242553711	1.995136022567749	0.024531126022338867	146	pegasus
6	1.7279183864593506	2.34543514251709	0.02099919319152832	154	pegasus
6	0.9498023986816406	2.0589592456817627	0.02180790901184082	140	pegasus
6	1.066507339477539	1.4831435680389404	0.02013540267944336	147	pegasus
6	1.0922729969024658	0.8665049076080322	0.020580530166625977	156	pegasus
6	0.941718339920044	1.2428405284881592	0.020955324172973633	144	pegasus
6	0.9652798175811768	1.9593710899353027	0.02068638801574707	147	pegasus
6	1.1014530658721924	3.3626606464385986	0.020524978637695312	138	pegasus
6	1.1240715980529785	1.3324739933013916	0.025853872299194336	154	pegasus
6	1.1343321800231934	1.6059496402740479	0.02012777328491211	137	pegasus
6	1.1008937358856201	1.2519631385803223	0.022223949432373047	152	pegasus
6	0.9778618812561035	1.745206594467163	0.026124238967895508	146	pegasus
6	1.0351312160491943	2.6963489055633545	0.02088475227355957	140	pegasus
6	1.974963903427124	1.496473789215088	0.021409034729003906	148	pegasus
6	1.0224370956420898	1.3767690658569336	0.021159887313842773	145	pegasus
6	1.0802197456359863	1.72161865234375	0.020256757736206055	140	pegasus
6	1.0389995574951172	1.9473729133605957	0.02019786834716797	149	pegasus
6	0.9616808891296387	1.6359283924102783	0.02097034454345703	144	pegasus
6	1.0509295463562012	1.3155992031097412	0.026512861251831055	152	pegasus
6	1.1570384502410889	2.643850088119507	0.02099299430847168	152	pegasus
6	0.9941797256469727	1.8905584812164307	0.02197861671447754	150	pegasus
6	2.244300365447998	1.2745838165283203	0.023542404174804688	150	pegasus
6	1.0386676788330078	1.2152800559997559	0.022598981857299805	154	pegasus
6	0.9919445514678955	0.7687704563140869	0.021785974502563477	164	pegasus
6	1.065246343612671	1.275832176208496	0.021603107452392578	151	pegasus
6	0.979154109954834	1.6946609020233154	0.020794153213500977	140	pegasus
6	1.038785457611084	2.0688416957855225	0.02179884910583496	147	pegasus
6	0.9698283672332764	1.1877198219299316	0.020859479904174805	159	pegasus
6	0.9862513542175293	2.8356032371520996	0.021599769592285156	141	pegasus
6	1.0528631210327148	2.3787879943847656	0.024887561798095703	146	pegasus
6	1.101832389831543	0.8344278335571289	0.02246236801147461	145	pegasus
6	2.5074265003204346	1.5376100540161133	0.02330183982849121	146	pegasus
6	0.9655802249908447	2.909282922744751	0.023108720779418945	143	pegasus
6	1.281508445739746	1.2138559818267822	0.020906686782836914	147	pegasus
6	1.0608296394348145	1.3899784088134766	0.022181034088134766	152	pegasus
6	1.0057733058929443	1.1957683563232422	0.02114582061767578	153	pegasus
6	1.0557541847229004	1.3553657531738281	0.02277827262878418	149	pegasus
6	0.9616100788116455	2.2304375171661377	0.024427413940429688	141	pegasus
6	0.9929172992706299	2.160895586013794	0.02115178108215332	144	pegasus
6	1.0382797718048096	1.6548354625701904	0.023619890213012695	140	pegasus
6	0.9937663078308105	1.4267048835754395	0.02585768699645996	144	pegasus
6	1.0470798015594482	1.2541863918304443	0.022729873657226562	154	pegasus
6	0.9823675155639648	3.497626304626465	0.020839691162109375	146	pegasus
6	2.8880057334899902	1.840383768081665	0.021169662475585938	147	pegasus
6	1.100297212600708	1.679508924484253	0.019973039627075195	141	pegasus
6	0.9832475185394287	1.8153901100158691	0.022147655487060547	145	pegasus
6	1.0685789585113525	3.031522035598755	0.019995927810668945	143	pegasus
6	1.045856237411499	1.0465986728668213	0.01951122283935547	148	pegasus
6	1.0437393188476562	1.2884628772735596	0.026343107223510742	147	pegasus
6	1.0937702655792236	2.8487918376922607	0.019944190979003906	137	pegasus
6	1.0508403778076172	2.3335793018341064	0.025957584381103516	145	pegasus
6	0.9865851402282715	0.981593132019043	0.02169013023376465	158	pegasus
6	1.2333595752716064	1.2279889583587646	0.020241260528564453	156	pegasus
6	1.6951353549957275	1.7726037502288818	0.01972651481628418	146	pegasus
6	1.2784128189086914	1.3327021598815918	0.022250652313232422	146	pegasus
6	1.0542290210723877	3.5539445877075195	0.02529120445251465	150	pegasus
6	1.3368346691131592	1.8231964111328125	0.020543336868286133	143	pegasus
6	3.319155216217041	2.845985174179077	0.022245168685913086	142	pegasus
6	1.075707197189331	1.518775463104248	0.02426600456237793	148	pegasus
6	1.1556472778320312	1.9708566665649414	0.02291083335876465	157	pegasus
6	1.232421875	1.5293223857879639	0.026582002639770508	153	pegasus
6	1.1320247650146484	1.9805264472961426	0.020458698272705078	143	pegasus
6	1.4494779109954834	2.1660218238830566	0.020582199096679688	146	pegasus
6	1.1640992164611816	0.9500608444213867	0.0223388671875	152	pegasus
6	1.5744149684906006	1.7761049270629883	0.024070262908935547	148	pegasus
6	2.0986931324005127	1.1629338264465332	0.022693157196044922	139	pegasus
6	1.2809078693389893	1.6542549133300781	0.023934364318847656	140	pegasus
6	1.085611343383789	1.6575446128845215	0.032247066497802734	149	pegasus
6	1.1965274810791016	1.9015552997589111	0.02919912338256836	157	pegasus
6	1.1272125244140625	3.276151657104492	0.02187204360961914	137	pegasus
6	1.2145869731903076	2.379276752471924	0.02014780044555664	143	pegasus
6	1.1308462619781494	1.5836153030395508	0.020031213760375977	147	pegasus
6	2.451066255569458	1.9753971099853516	0.022565603256225586	148	pegasus
6	1.5010380744934082	2.1156013011932373	0.02225351333618164	144	pegasus
6	1.0824201107025146	3.9867751598358154	0.021902799606323242	146	pegasus
6	1.5460798740386963	2.4185922145843506	0.02833247184753418	150	pegasus
6	1.2083423137664795	1.969254970550537	0.02038097381591797	142	pegasus
