     0  1  2  3  4  5  6  7  8  9  10  11  12  13  14  15  chain_break_fraction  energy  num_occurrences
0    0  0  1  0  1  0  0  0  0  0   0   1   0   1   0   0                0.0000    -8.0              104
1    0  1  0  0  0  0  0  1  1  0   0   0   0   0   1   0                0.0000    -8.0               28
2    0  0  1  1  1  0  0  0  0  0   0   1   0   1   0   0                0.0625    -6.0                4
3    0  1  0  0  0  0  0  0  1  0   0   0   0   0   0   1                0.0000    -6.0                1
4    0  1  0  0  0  0  0  1  1  0   0   0   0   0   0   1                0.0000    -6.0                1
5    1  0  0  0  0  0  0  1  0  1   0   0   0   0   1   0                0.0000    -6.0                5
6    0  1  0  1  0  0  0  0  1  0   0   0   0   0   1   0                0.0000    -6.0                1
7    1  0  0  0  0  0  0  0  0  0   0   1   0   1   0   0                0.0000    -6.0                9
8    0  0  0  1  1  0  0  0  0  0   0   0   0   1   0   0                0.0000    -6.0                2
9    0  1  0  0  0  0  0  0  0  0   1   0   1   0   0   0                0.0000    -6.0                6
10   1  0  0  0  0  0  1  0  0  0   0   0   0   1   0   0                0.0000    -6.0                9
11   0  1  0  0  0  0  0  1  1  0   0   0   0   0   0   0                0.0000    -6.0                1
12   0  0  0  1  0  1  0  0  1  0   0   0   0   0   1   0                0.0000    -6.0                2
13   0  0  0  0  0  0  1  0  1  0   0   0   0   0   0   1                0.0000    -6.0                1
14   0  0  1  0  0  0  0  0  0  0   0   1   0   1   0   0                0.0000    -6.0                1
15   0  0  0  1  0  0  0  0  1  0   0   0   0   0   1   0                0.0000    -6.0                1
16   0  0  1  0  1  0  0  0  0  0   0   1   1   1   0   0                0.0000    -6.0                5
17   0  0  1  0  1  0  0  0  0  0   0   0   0   0   0   1                0.0000    -6.0                3
18   0  0  0  0  0  1  0  0  0  0   0   1   1   0   0   0                0.0000    -6.0               14
19   0  0  1  0  1  0  0  0  0  0   0   0   0   1   0   1                0.0000    -6.0                1
20   1  0  1  0  1  0  0  0  0  0   0   1   0   1   0   0                0.0000    -6.0               12
21   1  0  0  0  0  0  1  0  0  0   0   1   0   1   0   0                0.0000    -6.0                8
22   0  0  1  0  0  0  0  0  0  0   0   1   1   1   0   0                0.0000    -6.0                3
23   0  0  1  0  0  1  0  0  0  0   0   1   1   0   0   0                0.0000    -6.0                6
24   0  1  0  0  0  0  1  0  1  0   0   0   0   0   0   1                0.0000    -6.0                1
25   0  0  1  0  1  0  0  0  0  0   0   1   0   0   0   1                0.0000    -6.0                4
26   1  0  1  0  0  0  0  0  0  0   0   1   0   1   0   0                0.0000    -6.0                6
27   0  0  1  0  1  0  0  0  0  0   0   0   0   1   0   0                0.0000    -6.0                3
28   0  0  1  0  0  0  0  0  0  0   0   1   1   0   0   0                0.0000    -6.0                6
29   0  0  1  0  1  0  0  0  0  0   0   1   1   0   0   0                0.0000    -6.0               12
30   0  1  0  0  0  0  0  1  0  0   0   0   1   0   0   0                0.0000    -6.0               10
31   0  0  0  1  1  0  0  0  0  0   0   1   0   1   0   0                0.0000    -6.0                5
32   0  0  0  1  1  0  0  0  0  0   1   0   0   1   0   0                0.0000    -6.0                1
33   0  0  0  1  1  0  0  0  0  0   1   0   0   0   0   0                0.0000    -6.0                8
34   0  0  0  1  0  1  0  0  0  0   0   0   0   0   1   0                0.0000    -6.0                1
35   0  1  0  0  0  0  0  1  0  0   1   0   1   0   0   0                0.0000    -6.0                5
36   0  1  0  0  0  0  0  1  1  0   0   0   1   0   0   0                0.0000    -6.0                3
37   1  0  0  0  1  0  0  0  0  0   0   1   0   1   0   0                0.0000    -6.0               15
38   0  0  0  0  1  0  0  0  0  0   0   1   0   1   0   0                0.0000    -6.0                4
39   0  0  1  0  1  0  0  0  0  1   0   0   0   0   0   1                0.0000    -6.0                2
40   0  0  1  0  1  0  0  0  0  0   0   1   0   0   0   0                0.0000    -6.0                4
41   1  0  0  0  0  0  0  1  0  0   0   0   0   0   1   0                0.0000    -6.0                7
42   0  0  0  0  0  0  0  1  1  0   0   0   0   0   1   0                0.0000    -6.0                1
43   1  0  0  0  0  0  0  1  0  1   0   0   0   0   0   0                0.0000    -6.0                4
44   1  1  0  0  0  0  0  1  0  0   0   0   0   0   1   0                0.0000    -6.0                4
45   1  0  0  0  0  0  0  1  1  0   0   0   0   0   1   0                0.0000    -6.0                2
46   0  1  0  0  0  0  0  1  0  0   0   0   1   0   1   0                0.0000    -6.0                3
47   0  1  0  0  0  0  0  1  1  0   0   0   1   0   1   0                0.0000    -6.0                2
48   1  1  0  0  0  0  0  1  1  0   0   0   0   0   1   0                0.0000    -6.0                1
49   0  1  0  0  0  0  0  1  0  0   0   0   0   0   1   0                0.0000    -6.0                1
50   0  0  0  1  1  0  0  0  0  0   0   1   0   1   0   0                0.0625    -6.0                2
51   0  0  1  0  1  0  0  0  0  0   0   1   0   1   0   0                0.0625    -8.0                1
52   0  1  0  0  0  0  0  1  1  0   0   0   0   0   1   0                0.0625    -8.0                1
53   0  0  0  0  0  1  0  0  0  0   0   1   1   0   0   0                0.0625    -6.0                1
54   0  0  0  0  1  0  0  0  0  0   1   0   1   0   0   0                0.0000    -4.0                3
55   1  0  0  0  0  0  0  0  0  1   0   1   0   1   0   0                0.0000    -4.0                1
56   0  0  0  1  0  1  0  0  0  0   0   0   1   0   0   0                0.0000    -4.0                1
57   0  0  0  0  1  0  0  0  0  0   1   1   1   0   0   0                0.0000    -4.0                1
58   1  0  0  0  0  0  0  0  0  1   0   1   0   0   0   0                0.0000    -4.0                1
59   0  1  0  0  0  0  0  1  0  0   0   1   1   0   0   0                0.0000    -4.0                1
60   1  0  1  0  0  0  0  0  0  1   0   0   0   1   0   0                0.0000    -4.0                1
61   1  0  0  0  0  0  1  0  0  1   0   0   0   0   0   1                0.0000    -4.0                2
62   1  0  0  0  0  0  0  0  0  0   0   1   0   0   1   0                0.0000    -4.0                1
63   1  0  0  0  1  0  0  0  0  0   0   1   0   0   0   0                0.0000    -4.0                1
64   1  0  0  0  0  0  0  1  0  0   0   0   0   1   0   0                0.0000    -4.0                1
65   0  0  0  1  1  1  0  0  0  0   0   1   0   0   0   0                0.0000    -4.0                1
66   0  1  0  0  0  1  0  0  0  0   1   0   1   0   0   0                0.0000    -4.0                1
67   0  0  0  1  1  0  0  0  0  0   1   0   1   0   0   0                0.0000    -4.0                1
68   0  1  0  0  0  0  0  1  0  0   0   0   1   0   0   1                0.0000    -4.0                1
69   0  0  0  0  1  0  1  0  0  0   0   1   0   1   0   0                0.0000    -4.0                1
70   0  0  1  0  0  0  0  0  0  0   1   1   1   0   0   0                0.0000    -4.0                1
71   0  0  0  1  0  0  0  0  1  0   0   0   0   1   0   0                0.0000    -4.0                1
72   1  0  0  0  0  0  0  1  0  1   0   0   1   0   0   0                0.0000    -4.0                1
73   1  0  0  0  0  0  1  0  1  0   0   0   0   0   0   1                0.0000    -4.0                1
74   1  0  0  0  0  0  0  0  0  0   0   1   0   1   1   0                0.0000    -4.0                1
75   0  1  0  0  0  1  0  0  0  0   0   0   0   0   1   0                0.0000    -4.0                1
76   1  0  0  0  0  0  0  1  0  0   0   1   0   0   0   0                0.0000    -4.0                1
77   0  1  1  0  0  0  0  0  0  0   0   1   1   0   0   0                0.0000    -4.0                1
78   0  1  0  1  0  0  0  1  0  0   0   0   0   0   1   0                0.0000    -4.0                1
79   0  0  0  0  0  0  0  0  0  1   0   0   0   0   0   1                0.0000    -4.0                1
80   1  0  0  0  0  1  0  0  0  0   0   1   0   0   0   0                0.0000    -4.0                1
81   1  0  0  0  0  1  0  0  0  0   0   1   1   0   0   0                0.0000    -4.0                2
82   0  0  0  0  1  0  0  0  0  0   0   0   0   0   0   1                0.0000    -4.0                1
83   0  0  1  0  1  0  1  0  0  0   0   0   0   1   0   0                0.0000    -4.0                1
84   0  0  0  0  1  0  0  0  0  0   0   1   1   1   0   0                0.0000    -4.0                1
85   0  1  0  0  0  0  1  1  1  0   0   0   0   0   1   0                0.0000    -4.0                1
86   1  0  0  0  0  0  1  0  0  0   0   0   0   1   1   0                0.0000    -4.0                1
87   0  0  0  0  1  0  0  0  0  0   0   1   0   1   0   1                0.0000    -4.0                1
88   0  0  0  0  0  0  0  0  0  0   0   1   1   1   0   0                0.0000    -4.0                1
89   1  0  0  0  0  0  0  0  0  0   0   1   1   1   0   0                0.0000    -4.0                2
90   1  0  0  0  0  0  0  1  0  0   0   1   1   0   0   0                0.0000    -4.0                1
91   1  0  0  0  0  0  0  0  0  0   0   1   1   0   0   0                0.0000    -4.0                1
92   1  0  0  1  1  0  0  0  0  0   0   1   0   1   0   0                0.0625    -4.0                1
93   0  0  0  0  1  0  0  0  0  0   0   1   0   1   0   0                0.0625    -6.0                1
94   1  0  1  0  0  0  1  0  0  0   0   0   0   1   0   0                0.0625    -4.0                1
95   1  0  0  0  0  0  0  1  0  0   0   0   0   0   1   0                0.0625    -6.0                1
96   0  0  0  0  0  0  0  0  1  0   0   1   1   0   0   0                0.0000    -2.0                1
97   1  0  0  0  0  0  1  0  0  0   0   1   1   1   0   0                0.0000    -2.0                1
98   0  0  0  1  0  1  0  0  0  0   0   1   0   0   0   0                0.0625    -4.0                1
99   0  1  1  0  0  0  0  0  0  0   0   1   0   1   0   1                0.0000     0.0                1
100  1  0  0  0  0  0  0  1  0  1   0   0   0   0   1   0                0.0625    -6.0                1