     0  1  2  3  4  5  6  7  8  9 10 11 12 13 14 15 ... 24 energy num_oc. ...
0    0  0  0  0  1  0  1  0  0  0  0  0  0  1  0  1 ...  0  -10.0      11 ...
1    1  0  0  0  0  0  0  0  1  0  0  1  0  0  0  0 ...  0  -10.0      13 ...
2    0  1  0  0  0  0  0  0  0  1  0  0  1  0  0  1 ...  0  -10.0       2 ...
3    0  1  0  0  0  0  0  0  1  0  1  0  0  0  0  0 ...  1  -10.0      11 ...
4    0  0  0  1  0  1  0  0  0  0  0  0  1  0  0  0 ...  0  -10.0       4 ...
5    0  0  0  1  0  0  1  0  0  0  0  0  0  0  1  0 ...  0  -10.0      28 ...
6    0  0  1  0  0  1  0  0  0  0  0  0  0  1  0  0 ...  1  -10.0       9 ...
7    1  0  0  0  0  0  0  1  0  0  0  0  0  0  1  0 ...  0  -10.0       7 ...
8    0  0  0  0  1  0  0  1  0  0  1  0  0  0  0  0 ...  0  -10.0       6 ...
9    0  0  1  0  0  0  0  0  0  1  0  1  0  0  0  0 ...  0  -10.0      41 ...
126  0  0  1  0  0  0  0  0  0  1  0  1  0  0  0  0 ...  0  -10.0       2 ...
127  0  0  0  1  0  0  1  0  0  0  0  0  0  0  1  0 ...  0  -10.0       1 ...
128  0  0  1  0  0  0  0  0  0  1  0  1  0  0  0  0 ...  0  -10.0       2 ...
419  0  0  0  1  0  0  1  0  0  0  0  0  0  0  1  0 ...  0  -10.0       1 ...
456  0  0  0  1  0  1  0  0  0  0  0  0  1  0  0  0 ...  0  -10.0       1 ...
466  0  1  0  0  0  0  0  0  0  1  0  0  1  0  0  1 ...  0  -10.0       1 ...
10   0  0  0  1  0  1  0  0  0  0  0  0  0  0  0  0 ...  0   -8.0       1 ...
11   0  0  0  1  0  1  1  0  0  0  0  0  0  0  0  0 ...  0   -8.0       1 ...
12   0  0  0  0  1  0  1  0  0  0  0  0  0  0  0  1 ...  0   -8.0       1 ...
13   0  0  0  1  0  0  1  0  0  0  0  0  0  0  0  0 ...  0   -8.0       1 ...
14   0  0  0  1  0  0  1  0  0  0  0  0  0  0  0  0 ...  0   -8.0       2 ...
15   0  0  0  1  0  0  1  0  0  0  0  0  0  0  0  0 ...  0   -8.0       1 ...
16   0  0  0  0  0  0  1  0  0  0  0  0  0  1  0  1 ...  0   -8.0       1 ...
17   0  0  0  0  0  0  0  0  1  0  0  1  0  0  0  0 ...  0   -8.0       2 ...
18   0  0  0  0  1  0  1  0  0  0  0  0  0  0  1  1 ...  0   -8.0       3 ...
19   0  0  0  0  0  0  0  0  1  0  1  0  0  0  0  0 ...  0   -8.0       1 ...
20   0  0  1  0  0  0  0  0  0  0  0  1  0  0  0  0 ...  0   -8.0       2 ...
21   1  0  0  0  0  0  0  0  1  0  0  0  0  0  0  0 ...  0   -8.0       4 ...
22   1  0  0  0  0  0  0  0  0  0  0  1  0  0  0  0 ...  0   -8.0       1 ...
23   0  1  1  0  0  0  0  0  0  1  0  0  1  0  0  1 ...  0   -8.0       1 ...
24   0  0  0  1  0  0  0  0  0  0  0  0  1  0  0  0 ...  0   -8.0       1 ...
25   0  0  1  0  0  0  0  0  0  1  0  0  1  0  0  1 ...  0   -8.0       7 ...
26   0  0  0  1  0  0  0  0  0  0  1  0  1  0  0  0 ...  0   -8.0       1 ...
27   0  0  0  0  0  0  0  0  1  0  1  0  0  0  0  0 ...  1   -8.0       5 ...
28   0  0  0  1  0  1  0  0  0  0  0  0  0  0  1  0 ...  0   -8.0       3 ...
29   1  0  0  0  0  0  0  0  1  0  0  1  0  0  0  0 ...  0   -8.0       2 ...
30   0  1  0  0  0  0  0  0  1  0  1  0  0  0  0  0 ...  1   -8.0       2 ...
31   0  1  0  0  0  0  0  0  0  0  0  0  1  0  1  1 ...  0   -8.0       1 ...
32   0  1  0  0  0  0  0  0  0  1  0  0  1  0  1  1 ...  0   -8.0       1 ...
33   0  0  0  1  0  1  0  0  0  0  0  0  0  0  1  0 ...  1   -8.0       2 ...
34   0  0  0  1  0  1  0  0  0  0  1  0  1  0  0  0 ...  0   -8.0       2 ...
35   1  0  0  0  0  0  0  0  1  0  0  0  0  0  0  0 ...  0   -8.0       2 ...
36   0  0  0  1  0  0  0  0  0  0  1  0  0  0  0  0 ...  0   -8.0       1 ...
37   0  0  0  0  0  0  0  0  0  1  0  0  1  0  0  1 ...  0   -8.0       1 ...
38   0  0  0  1  0  0  0  0  0  0  1  0  0  0  0  0 ...  1   -8.0       6 ...
39   0  0  0  1  0  0  0  0  1  0  1  0  0  0  0  0 ...  1   -8.0       3 ...
40   0  1  0  1  0  0  0  0  0  0  1  0  0  0  0  0 ...  1   -8.0       1 ...
41   0  0  0  1  0  1  0  0  0  0  0  0  0  0  0  0 ...  1   -8.0       2 ...
42   0  1  0  0  0  0  0  0  0  1  1  0  0  0  0  1 ...  0   -8.0       1 ...
43   0  0  0  1  0  0  0  0  1  0  1  0  0  0  0  0 ...  0   -8.0       3 ...
44   1  0  0  0  0  0  0  0  1  1  0  1  0  0  0  0 ...  0   -8.0       3 ...
45   0  0  0  1  0  1  0  0  0  0  0  0  1  0  0  0 ...  0   -8.0       1 ...
46   0  1  0  1  0  0  0  0  1  0  1  0  0  0  0  0 ...  1   -8.0       2 ...
47   0  0  0  1  0  1  0  0  0  0  0  0  1  0  1  0 ...  0   -8.0       1 ...
48   0  1  0  0  0  0  0  0  1  1  0  0  0  0  0  1 ...  0   -8.0       1 ...
49   1  0  0  0  0  0  0  0  1  0  0  1  0  0  0  0 ...  0   -8.0       1 ...
50   0  0  0  1  0  0  1  0  0  0  0  0  0  0  1  0 ...  0   -8.0       3 ...
51   1  0  0  0  0  0  0  1  0  0  0  0  0  0  1  0 ...  0   -8.0       2 ...
52   0  1  0  0  0  0  1  0  0  0  0  0  0  0  1  0 ...  0   -8.0       3 ...
53   0  0  1  0  0  0  0  0  0  1  0  0  0  0  0  1 ...  0   -8.0       6 ...
54   0  0  0  1  0  1  0  0  0  0  0  0  0  0  0  0 ...  0   -8.0       1 ...
55   0  0  0  1  0  0  1  0  0  0  0  0  0  0  0  0 ...  0   -8.0       2 ...
56   1  0  0  0  0  0  0  0  1  0  1  0  0  0  0  0 ...  0   -8.0       3 ...
57   0  1  0  1  0  0  1  0  0  0  0  0  0  0  1  0 ...  0   -8.0       3 ...
58   1  0  0  0  0  0  0  1  0  0  0  0  0  0  1  0 ...  0   -8.0       2 ...
59   0  1  0  0  0  0  0  0  1  0  0  0  0  0  0  1 ...  1   -8.0       2 ...
60   0  0  0  1  0  1  0  0  0  0  0  0  0  1  0  0 ...  1   -8.0       1 ...
61   0  0  1  1  0  1  0  0  0  0  0  0  0  0  0  0 ...  0   -8.0       3 ...
62   0  0  1  0  0  1  0  0  0  0  0  0  0  0  0  0 ...  0   -8.0       2 ...
63   0  0  1  0  0  1  0  0  0  0  0  0  0  1  0  1 ...  1   -8.0       1 ...
64   0  0  1  1  0  1  0  0  0  0  0  0  0  0  0  0 ...  1   -8.0       5 ...
65   0  0  0  0  1  0  1  0  0  0  0  0  0  0  0  1 ...  0   -8.0       3 ...
66   0  1  0  0  0  0  0  0  0  1  0  0  1  0  0  1 ...  0   -8.0       1 ...
67   0  0  0  1  0  0  0  0  0  0  0  0  0  0  1  0 ...  0   -8.0       1 ...
68   0  0  0  0  1  1  1  0  0  0  0  0  0  1  0  1 ...  0   -8.0       1 ...
69   0  0  0  1  0  0  1  0  0  0  0  0  0  0  1  0 ...  0   -8.0       2 ...
70   0  0  1  0  0  1  0  0  0  0  0  0  1  0  0  0 ...  0   -8.0       1 ...
71   0  0  0  0  1  0  1  0  0  0  0  0  0  1  0  1 ...  0   -8.0       1 ...
72   0  0  0  0  1  1  1  0  0  0  0  0  0  1  0  0 ...  0   -8.0       1 ...
73   1  0  0  0  0  0  0  1  0  0  0  0  0  0  1  0 ...  0   -8.0       1 ...
74   0  0  0  1  0  0  1  0  0  0  0  0  0  0  1  0 ...  0   -8.0       5 ...
75   1  0  0  0  0  0  0  1  0  0  0  0  0  0  0  0 ...  0   -8.0       2 ...
76   1  0  0  0  0  0  0  1  0  0  0  0  0  0  1  0 ...  0   -8.0       1 ...
77   0  1  0  0  0  0  0  0  0  1  0  0  1  0  0  1 ...  0   -8.0       1 ...
78   0  0  0  1  0  1  0  0  0  0  0  0  1  0  0  0 ...  0   -8.0       1 ...
79   0  0  1  1  0  1  0  0  0  0  0  0  1  0  0  0 ...  0   -8.0       3 ...
80   0  0  1  0  0  0  0  0  0  1  0  0  0  0  0  1 ...  0   -8.0       3 ...
81   1  0  0  0  0  0  0  1  0  0  0  0  0  0  1  0 ...  0   -8.0       2 ...
82   0  0  0  1  0  0  1  0  0  0  0  0  0  0  1  0 ...  0   -8.0       1 ...
83   1  0  0  0  0  0  0  0  1  0  0  1  0  0  0  0 ...  0   -8.0       5 ...
84   0  0  1  0  0  0  0  0  0  0  0  0  0  1  0  0 ...  1   -8.0       4 ...
85   0  0  1  0  0  1  0  0  0  0  0  0  0  1  0  1 ...  1   -8.0       2 ...
86   0  0  0  0  1  0  1  0  0  0  0  0  0  1  0  0 ...  0   -8.0       1 ...
87   0  0  0  1  0  1  0  0  0  0  0  0  0  0  1  0 ...  0   -8.0       3 ...
88   0  0  1  0  0  0  0  0  0  0  0  0  0  1  0  1 ...  1   -8.0       1 ...
89   0  1  0  0  0  0  0  0  1  0  0  0  0  0  0  1 ...  1   -8.0       1 ...
90   1  0  0  0  0  0  0  0  0  0  0  0  0  0  1  0 ...  0   -8.0       2 ...
91   0  0  0  1  0  1  0  0  0  0  0  0  0  0  1  0 ...  0   -8.0       1 ...
92   1  0  0  0  0  0  0  0  0  1  0  0  0  0  0  0 ...  0   -8.0       2 ...
93   0  1  1  0  0  0  0  0  0  1  0  0  0  0  0  1 ...  0   -8.0       2 ...
94   0  1  1  0  0  0  0  0  0  1  0  0  0  0  0  0 ...  0   -8.0       1 ...
95   0  0  1  0  0  1  0  0  0  0  0  0  0  0  0  0 ...  1   -8.0       1 ...
96   1  0  0  0  0  0  0  0  0  1  0  0  0  0  1  0 ...  0   -8.0       1 ...
97   0  0  0  0  0  0  1  0  0  0  0  0  0  0  1  0 ...  0   -8.0       2 ...
98   0  0  0  1  0  1  0  0  0  0  0  0  0  0  0  0 ...  0   -8.0       2 ...
99   0  1  0  0  0  0  0  0  0  1  0  1  0  0  0  0 ...  0   -8.0       1 ...
100  0  0  0  0  1  1  0  1  0  0  1  0  0  0  0  0 ...  0   -8.0       1 ...
101  1  0  0  0  0  0  0  0  1  0  0  0  0  0  0  0 ...  0   -8.0       2 ...
102  0  0  0  0  0  0  0  0  0  1  0  1  0  0  0  0 ...  0   -8.0       3 ...
103  0  0  0  0  1  0  0  1  0  0  1  0  0  0  0  0 ...  0   -8.0       1 ...
104  0  0  1  0  0  0  0  0  0  1  0  0  0  0  0  0 ...  0   -8.0       3 ...
105  0  0  1  0  0  0  0  0  0  1  0  1  0  0  0  0 ...  0   -8.0       4 ...
106  0  0  0  0  0  0  0  1  0  0  1  0  0  0  0  0 ...  0   -8.0       1 ...
107  0  0  1  0  0  1  0  0  0  0  0  0  0  0  0  0 ...  0   -8.0       1 ...
108  1  0  0  0  0  0  0  0  1  0  0  1  0  0  0  0 ...  0   -8.0       3 ...
109  0  0  0  0  1  1  0  0  0  0  1  0  0  0  0  0 ...  0   -8.0       1 ...
110  0  0  1  0  0  0  0  0  0  1  0  1  0  0  0  0 ...  0   -8.0       2 ...
111  0  0  0  0  1  1  0  1  0  0  0  0  0  0  0  0 ...  0   -8.0       2 ...
112  0  0  0  0  1  0  0  1  0  0  0  0  0  0  0  0 ...  0   -8.0       1 ...
113  0  0  1  0  0  0  0  0  0  0  0  1  0  0  0  0 ...  0   -8.0       3 ...
114  0  1  1  0  0  0  0  0  0  1  0  1  0  0  0  0 ...  0   -8.0       2 ...
115  0  0  0  0  1  0  0  1  0  0  1  0  0  0  0  0 ...  0   -8.0       1 ...
116  1  0  0  0  0  0  0  0  1  1  0  1  0  0  0  0 ...  0   -8.0       3 ...
117  0  0  1  1  0  1  0  0  0  0  0  0  0  1  0  0 ...  1   -8.0       2 ...
118  0  0  1  0  0  0  0  0  0  1  0  1  0  0  0  0 ...  0   -8.0       1 ...
119  1  0  0  0  0  0  0  0  0  1  0  1  0  0  0  0 ...  0   -8.0       2 ...
120  0  0  0  0  1  0  1  0  0  0  0  0  0  0  0  1 ...  0   -8.0       2 ...
121  1  0  0  0  0  0  0  1  0  1  0  0  0  0  0  0 ...  0   -8.0       3 ...
122  0  0  0  0  1  1  0  0  0  0  0  0  0  0  0  0 ...  0   -8.0       1 ...
123  1  0  1  0  0  0  0  0  0  1  0  0  0  0  0  0 ...  0   -8.0       8 ...
124  0  0  1  0  0  0  0  0  0  1  0  0  0  0  0  0 ...  0   -8.0       1 ...
125  0  0  1  0  0  0  0  0  0  1  0  1  0  0  0  0 ...  0   -8.0       5 ...
129  0  0  1  0  0  1  0  0  0  0  0  0  0  0  0  0 ...  0   -8.0       1 ...
130  0  0  0  1  0  1  0  0  0  0  0  0  0  0  0  0 ...  0   -8.0       1 ...
131  1  0  0  0  0  0  0  0  1  0  0  1  0  0  0  0 ...  0   -8.0       3 ...
132  0  0  1  0  0  0  0  0  0  1  0  0  0  0  0  1 ...  0   -8.0       3 ...
133  0  0  1  1  0  1  0  0  0  0  0  0  0  0  0  0 ...  0   -8.0       1 ...
134  1  0  0  0  0  0  0  0  1  0  0  1  0  0  0  0 ...  0   -8.0       2 ...
135  0  0  1  0  0  0  0  0  0  1  0  1  0  0  0  0 ...  0   -8.0       5 ...
136  1  0  0  0  0  0  0  0  0  1  0  0  0  0  0  0 ...  0   -8.0       3 ...
137  0  0  1  0  0  0  0  0  0  1  0  0  0  0  0  1 ...  0   -8.0       1 ...
138  0  0  1  0  0  1  0  0  0  0  0  0  0  0  0  0 ...  0   -8.0       1 ...
139  0  0  1  0  0  0  0  0  0  1  0  0  0  0  0  0 ...  0   -8.0       2 ...
140  1  0  1  0  0  0  0  0  0  1  0  0  0  0  0  0 ...  0   -8.0       1 ...
141  1  0  0  0  0  0  0  1  0  1  0  0  0  0  0  0 ...  0   -8.0       1 ...
142  0  0  0  0  1  0  1  0  0  0  0  0  0  0  0  1 ...  0   -8.0       1 ...
143  0  0  1  0  0  1  0  0  0  0  0  0  0  0  0  0 ...  1   -8.0       1 ...
144  1  0  0  0  0  0  0  0  1  0  0  1  0  0  0  0 ...  0   -8.0       2 ...
145  1  0  0  0  0  0  0  0  1  0  0  1  0  0  0  0 ...  0   -8.0       1 ...
418  0  0  0  1  0  0  0  0  0  0  0  0  1  0  0  0 ...  0   -8.0       1 ...
421  0  0  0  0  1  1  0  0  0  0  0  0  0  0  0  0 ...  0   -8.0       1 ...
422  0  0  1  0  0  0  0  0  0  1  0  1  0  0  0  0 ...  0   -8.0       1 ...
423  0  0  1  0  0  0  0  0  0  0  0  1  0  0  0  0 ...  0   -8.0       1 ...
424  1  0  0  0  0  0  0  0  1  0  0  0  0  0  0  0 ...  0   -8.0       1 ...
427  0  0  1  1  0  1  0  0  0  0  0  0  0  0  0  0 ...  1   -8.0       1 ...
430  0  0  0  1  0  1  0  0  0  0  0  0  0  0  1  0 ...  0   -8.0       1 ...
443  0  0  1  0  0  0  0  0  0  0  0  1  0  0  0  0 ...  0   -8.0       1 ...
453  1  0  0  0  0  0  0  0  0  1  0  0  0  0  0  0 ...  0   -8.0       1 ...
454  0  1  1  0  0  0  0  0  0  1  0  0  0  0  0  1 ...  0   -8.0       1 ...
455  0  0  1  1  0  1  0  0  0  0  0  0  0  0  0  0 ...  1   -8.0       1 ...
458  0  0  1  0  0  0  0  0  0  0  0  0  0  1  0  1 ...  1   -8.0       1 ...
465  0  0  0  1  0  0  0  0  0  0  1  0  1  0  0  0 ...  0   -8.0       1 ...
468  0  0  0  1  0  0  1  0  0  0  0  0  0  0  1  0 ...  0   -8.0       1 ...
471  0  1  0  1  0  0  1  0  0  0  0  0  0  0  1  0 ...  0   -8.0       1 ...
483  0  1  0  0  0  0  0  0  1  0  1  0  0  0  0  1 ...  1   -8.0       1 ...
598  0  0  0  1  0  0  1  0  0  0  0  0  0  0  1  0 ...  0   -8.0       1 ...
600  0  0  1  0  0  0  0  0  0  0  0  1  0  0  0  0 ...  0   -8.0       1 ...
608  0  0  1  0  0  0  0  0  0  1  0  1  0  0  0  0 ...  0   -8.0       1 ...
611  0  0  0  1  0  0  0  0  1  0  1  0  0  0  0  0 ...  1   -8.0       1 ...
622  0  0  1  0  1  1  0  0  0  0  0  0  0  0  0  0 ...  0   -8.0       1 ...
700  0  0  1  0  0  1  0  0  0  0  0  0  0  0  0  0 ...  0   -8.0       1 ...
146  0  0  1  0  0  0  0  0  0  1  0  1  0  0  0  0 ...  0   -6.0       2 ...
147  0  0  1  0  0  0  0  0  0  1  0  1  0  0  0  0 ...  0   -6.0       1 ...
148  0  0  1  0  0  0  0  0  0  1  0  1  0  0  0  0 ...  0   -6.0       1 ...
149  0  1  0  0  0  0  1  0  0  0  0  0  0  0  1  1 ...  0   -6.0       1 ...
150  1  0  0  0  0  0  0  0  0  0  0  1  0  0  0  0 ...  0   -6.0       1 ...
151  0  0  0  0  0  0  1  0  0  1  0  0  0  1  0  1 ...  0   -6.0       1 ...
152  0  0  1  1  0  0  1  0  0  0  0  0  0  0  0  0 ...  0   -6.0       1 ...
153  0  1  0  0  0  0  0  0  0  1  0  0  0  0  1  0 ...  0   -6.0       1 ...
154  0  0  1  0  0  0  1  0  0  0  0  0  0  0  0  0 ...  0   -6.0       1 ...
155  0  0  0  1  0  0  1  0  0  0  0  0  0  0  0  0 ...  0   -6.0       1 ...
156  0  0  1  0  0  0  0  0  0  1  0  0  0  0  0  0 ...  0   -6.0       1 ...
157  0  0  0  1  0  0  0  0  0  0  0  0  0  0  0  0 ...  0   -6.0       1 ...
158  0  0  0  0  0  0  1  0  0  0  0  0  0  0  1  0 ...  0   -6.0       1 ...
159  0  0  0  1  0  0  0  0  0  0  0  0  0  0  1  0 ...  0   -6.0       1 ...
160  1  0  0  0  0  0  0  0  1  0  1  0  0  0  0  0 ...  0   -6.0       1 ...
161  0  0  0  0  0  0  0  0  1  0  0  0  0  0  0  1 ...  0   -6.0       1 ...
162  0  1  0  0  1  0  1  0  0  0  0  0  0  0  0  1 ...  0   -6.0       1 ...
163  0  0  0  1  0  0  0  0  0  0  0  0  0  0  0  0 ...  0   -6.0       1 ...
164  0  0  0  0  0  0  0  0  1  0  0  0  0  0  0  0 ...  0   -6.0       1 ...
165  0  0  1  0  0  0  0  0  0  1  0  0  0  0  0  1 ...  0   -6.0       1 ...
166  0  0  0  1  0  1  0  0  0  0  0  0  0  0  0  0 ...  0   -6.0       1 ...
167  0  0  1  0  0  0  0  0  1  0  0  1  0  0  0  0 ...  0   -6.0       1 ...
168  1  0  1  0  0  0  0  0  0  1  0  1  0  0  0  0 ...  0   -6.0       1 ...
169  0  0  1  0  0  0  0  0  0  0  0  1  0  0  0  0 ...  1   -6.0       1 ...
170  0  0  0  1  0  0  0  0  1  0  1  0  0  0  0  0 ...  1   -6.0       2 ...
171  0  1  0  0  1  0  0  0  0  0  1  0  0  0  0  0 ...  0   -6.0       1 ...
172  0  0  0  1  0  0  1  0  0  0  0  1  0  0  0  0 ...  0   -6.0       1 ...
173  0  1  0  0  0  0  0  0  1  0  1  0  0  0  0  1 ...  0   -6.0       1 ...
174  0  0  1  0  0  0  0  0  0  0  0  0  0  0  0  1 ...  0   -6.0       1 ...
175  0  1  0  0  0  0  0  0  0  1  0  0  0  0  1  0 ...  0   -6.0       2 ...
176  0  0  1  0  0  1  0  0  0  0  0  1  0  0  0  0 ...  0   -6.0       1 ...
177  1  0  0  1  0  1  0  0  0  0  0  0  0  0  1  0 ...  0   -6.0       1 ...
178  0  0  1  0  0  0  1  0  0  0  0  1  0  0  0  0 ...  0   -6.0       1 ...
179  0  0  0  1  0  0  1  0  0  0  1  0  0  0  0  0 ...  0   -6.0       1 ...
180  0  0  1  0  0  0  0  0  0  0  0  0  0  0  0  0 ...  0   -6.0       1 ...
181  0  0  0  0  0  0  1  0  0  0  0  0  0  0  1  0 ...  0   -6.0       1 ...
182  0  0  0  0  0  0  0  0  0  1  0  0  1  0  1  1 ...  0   -6.0       1 ...
183  1  0  0  0  1  0  0  0  1  0  0  1  0  0  0  0 ...  0   -6.0       1 ...
184  1  0  0  0  0  1  0  0  0  0  0  0  0  0  1  0 ...  0   -6.0       1 ...
185  0  1  0  1  0  0  0  0  0  0  1  0  0  0  1  0 ...  1   -6.0       1 ...
186  0  1  0  0  0  0  0  0  0  1  1  0  0  0  0  0 ...  0   -6.0       1 ...
187  1  0  0  1  0  0  1  0  0  0  0  0  0  0  1  0 ...  0   -6.0       1 ...
188  0  0  0  1  0  0  0  0  1  0  1  0  0  0  0  0 ...  0   -6.0       1 ...
189  0  0  0  1  0  0  0  1  0  0  1  0  0  0  0  0 ...  1   -6.0       1 ...
190  1  0  0  0  0  0  0  0  0  0  0  0  0  0  0  0 ...  0   -6.0       1 ...
191  0  0  0  1  0  1  1  0  0  0  0  0  0  0  1  0 ...  0   -6.0       1 ...
192  0  0  0  1  1  0  0  0  0  0  1  0  0  0  0  0 ...  0   -6.0       1 ...
193  0  0  1  0  0  1  0  0  0  0  0  0  0  0  0  0 ...  0   -6.0       1 ...
194  1  0  0  0  0  0  0  0  0  1  0  0  0  0  0  0 ...  0   -6.0       1 ...
195  1  0  1  0  0  0  0  0  0  0  0  1  0  0  0  0 ...  0   -6.0       1 ...
196  0  0  0  1  0  0  0  0  0  0  1  0  0  0  0  0 ...  0   -6.0       1 ...
197  0  0  0  1  0  0  0  0  1  0  1  0  0  0  0  0 ...  1   -6.0       2 ...
198  0  0  0  1  0  1  1  0  0  0  0  0  0  0  0  0 ...  0   -6.0       1 ...
199  0  0  0  1  0  1  0  0  0  0  0  0  0  0  0  0 ...  1   -6.0       1 ...
200  1  0  0  0  0  0  0  0  1  0  0  0  0  0  0  0 ...  0   -6.0       1 ...
201  0  0  0  0  0  0  0  1  0  0  1  0  0  0  0  0 ...  1   -6.0       1 ...
202  0  0  0  1  0  0  0  0  1  0  1  0  0  0  0  0 ...  1   -6.0       1 ...
203  0  0  0  1  0  0  0  0  0  0  1  0  0  0  0  0 ...  1   -6.0       1 ...
204  0  0  1  0  0  0  0  0  0  1  0  0  1  0  0  1 ...  0   -6.0       1 ...
205  0  1  0  0  0  0  0  1  0  0  0  0  0  0  1  0 ...  0   -6.0       1 ...
206  0  0  0  0  0  0  1  0  0  0  0  0  0  0  1  0 ...  0   -6.0       1 ...
207  0  0  0  1  0  0  1  0  0  0  0  0  0  0  1  0 ...  0   -6.0       1 ...
208  0  0  0  1  0  1  0  0  0  0  0  0  1  0  0  0 ...  0   -6.0       1 ...
209  0  0  1  0  0  0  0  0  0  0  0  1  0  1  0  0 ...  0   -6.0       1 ...
210  0  0  0  1  0  0  0  0  0  0  1  0  0  0  0  0 ...  0   -6.0       1 ...
211  0  0  0  0  0  0  1  0  0  0  0  0  0  1  1  1 ...  0   -6.0       1 ...
212  0  0  0  1  0  0  0  0  1  0  1  0  0  0  0  0 ...  0   -6.0       1 ...
213  0  0  0  0  0  0  0  0  1  0  1  0  0  0  0  0 ...  0   -6.0       1 ...
214  0  0  0  1  1  0  0  0  0  0  1  0  0  0  0  0 ...  1   -6.0       1 ...
215  0  0  0  0  0  0  0  0  1  0  1  0  0  0  0  0 ...  1   -6.0       1 ...
216  0  0  0  1  0  0  1  0  0  0  1  0  0  0  0  0 ...  0   -6.0       1 ...
217  0  1  0  0  0  0  1  0  0  1  0  0  0  0  1  1 ...  0   -6.0       1 ...
218  0  0  0  1  0  1  1  0  0  0  0  0  0  0  1  0 ...  0   -6.0       1 ...
219  0  0  0  1  0  1  0  0  0  0  0  0  0  0  0  0 ...  1   -6.0       1 ...
220  0  0  0  1  0  0  0  0  1  0  0  1  0  0  0  0 ...  0   -6.0       1 ...
221  0  0  1  0  0  0  0  0  0  0  0  0  1  0  0  1 ...  0   -6.0       1 ...
222  0  0  1  0  0  0  0  0  0  0  0  0  0  0  0  1 ...  1   -6.0       1 ...
223  0  0  0  1  0  0  0  0  0  0  1  0  0  0  1  0 ...  0   -6.0       1 ...
224  0  0  0  0  0  0  0  1  0  0  0  0  0  0  1  0 ...  1   -6.0       2 ...
225  0  0  1  0  0  0  0  0  0  1  1  0  0  0  0  0 ...  0   -6.0       1 ...
226  0  0  0  1  0  0  0  0  1  0  1  0  0  0  0  0 ...  0   -6.0       1 ...
227  0  0  0  1  0  0  1  0  0  0  0  0  0  0  0  0 ...  0   -6.0       2 ...
228  1  0  0  1  0  1  0  0  0  0  0  0  1  0  0  0 ...  0   -6.0       1 ...
229  0  0  0  1  0  1  0  0  0  0  0  0  0  0  1  0 ...  0   -6.0       1 ...
230  0  0  1  0  0  0  0  0  0  1  0  1  0  0  0  0 ...  0   -6.0       1 ...
231  0  0  0  1  0  0  0  0  0  0  1  0  0  0  0  0 ...  1   -6.0       2 ...
232  0  0  0  0  1  0  0  1  0  0  1  0  0  0  0  0 ...  0   -6.0       1 ...
233  0  0  0  0  0  0  0  0  0  1  1  0  0  0  0  0 ...  0   -6.0       1 ...
234  0  0  0  1  0  0  0  0  1  0  1  0  0  0  0  0 ...  0   -6.0       1 ...
235  0  0  0  1  0  0  1  0  0  0  1  0  0  0  0  0 ...  0   -6.0       1 ...
236  0  0  0  0  0  0  0  0  1  0  0  1  0  0  0  1 ...  0   -6.0       1 ...
237  0  0  0  1  0  1  0  0  0  0  1  0  0  0  0  0 ...  1   -6.0       1 ...
238  0  1  0  0  0  0  0  0  0  1  1  0  0  0  0  1 ...  1   -6.0       1 ...
239  1  1  0  0  0  0  0  0  1  0  0  0  0  0  0  0 ...  0   -6.0       1 ...
240  1  0  0  1  0  0  1  0  0  0  0  0  0  0  0  0 ...  0   -6.0       2 ...
241  0  0  1  0  0  1  0  0  0  0  0  1  0  0  0  0 ...  1   -6.0       1 ...
242  0  0  1  1  0  1  0  0  0  0  0  0  0  0  0  0 ...  1   -6.0       1 ...
243  0  0  0  1  1  0  1  0  0  0  0  0  0  0  0  0 ...  0   -6.0       1 ...
244  0  0  0  1  0  0  1  0  0  0  0  0  0  0  1  0 ...  0   -6.0       1 ...
245  1  0  1  0  0  1  0  0  0  0  0  0  0  1  0  0 ...  1   -6.0       1 ...
246  0  0  0  1  0  0  1  0  0  0  0  0  0  0  0  0 ...  1   -6.0       1 ...
247  0  0  1  0  1  0  0  0  0  0  0  0  0  1  0  1 ...  0   -6.0       1 ...
248  0  0  0  1  0  1  0  0  0  0  0  0  1  0  0  0 ...  0   -6.0       2 ...
249  0  0  0  0  0  0  1  0  0  0  0  0  0  0  1  0 ...  0   -6.0       1 ...
250  0  1  1  0  0  0  0  0  1  0  0  0  0  0  0  1 ...  1   -6.0       2 ...
251  1  0  0  0  0  0  0  0  0  0  0  0  0  0  1  0 ...  0   -6.0       1 ...
252  0  0  0  1  1  0  1  0  0  0  0  0  0  0  0  0 ...  0   -6.0       1 ...
253  0  0  1  0  0  0  0  0  0  1  0  0  0  0  1  0 ...  0   -6.0       1 ...
254  0  0  0  1  0  0  1  0  0  0  0  0  0  0  1  0 ...  0   -6.0       1 ...
255  0  0  0  1  0  1  0  0  0  0  0  0  0  0  0  0 ...  1   -6.0       1 ...
256  0  0  1  0  0  0  0  1  0  0  0  0  0  0  0  0 ...  1   -6.0       1 ...
257  0  0  1  0  0  0  0  0  0  1  0  0  0  0  0  0 ...  0   -6.0       1 ...
258  1  0  1  0  0  0  0  0  0  0  0  1  0  0  0  0 ...  0   -6.0       1 ...
259  0  0  0  1  0  0  0  0  0  0  0  0  0  0  1  0 ...  1   -6.0       1 ...
260  0  0  1  0  0  1  0  0  0  0  0  0  0  0  0  0 ...  1   -6.0       1 ...
261  0  0  0  1  0  0  0  1  0  0  0  0  0  0  1  0 ...  0   -6.0       1 ...
262  0  0  1  0  0  0  0  0  0  1  0  0  1  0  0  1 ...  0   -6.0       1 ...
263  0  0  0  0  0  0  0  0  1  0  0  0  0  0  0  1 ...  1   -6.0       1 ...
264  0  0  1  0  0  0  0  0  0  0  0  0  0  1  0  0 ...  0   -6.0       1 ...
265  0  0  1  0  0  1  0  0  0  0  0  0  1  0  0  0 ...  0   -6.0       1 ...
266  0  0  0  1  0  0  1  0  0  0  0  0  0  0  1  1 ...  0   -6.0       1 ...
267  0  0  0  1  0  0  0  1  0  0  0  0  0  0  0  0 ...  1   -6.0       1 ...
268  1  0  1  0  0  0  0  0  0  1  0  1  0  0  0  0 ...  0   -6.0       1 ...
269  0  0  1  0  0  1  0  0  1  0  0  0  0  0  0  0 ...  0   -6.0       1 ...
270  1  0  0  0  0  0  1  0  0  0  0  0  0  0  1  1 ...  0   -6.0       1 ...
271  0  0  1  0  0  1  0  0  0  0  0  0  0  0  0  0 ...  0   -6.0       1 ...
272  0  1  0  0  0  0  1  0  0  0  0  0  0  0  1  1 ...  0   -6.0       1 ...
273  1  0  0  0  0  0  0  0  0  0  0  1  0  0  0  0 ...  0   -6.0       1 ...
274  1  0  0  1  0  0  0  0  0  0  0  0  0  0  1  0 ...  0   -6.0       1 ...
275  0  0  0  0  1  0  0  0  0  0  0  0  1  0  0  1 ...  0   -6.0       1 ...
276  1  0  0  0  0  0  0  1  0  0  1  0  0  0  0  0 ...  0   -6.0       1 ...
277  1  0  0  0  0  0  0  1  0  0  0  0  0  0  1  0 ...  0   -6.0       1 ...
278  1  0  0  1  0  0  0  0  0  0  0  0  0  0  1  0 ...  0   -6.0       1 ...
279  0  0  0  0  0  0  0  0  0  0  0  0  0  0  1  0 ...  0   -6.0       1 ...
280  0  0  1  0  0  0  0  0  0  0  0  1  0  0  0  0 ...  1   -6.0       1 ...
281  0  0  1  0  0  1  0  0  0  0  0  1  0  0  0  0 ...  0   -6.0       1 ...
282  0  0  0  1  0  0  0  0  0  0  0  0  0  0  1  0 ...  1   -6.0       1 ...
283  0  0  1  0  0  0  0  0  0  0  0  0  0  0  0  0 ...  0   -6.0       2 ...
284  1  0  0  0  0  0  0  0  0  0  0  0  0  0  1  1 ...  0   -6.0       1 ...
285  0  0  0  1  0  0  1  0  0  0  0  0  0  0  1  0 ...  0   -6.0       1 ...
286  1  0  0  1  0  0  0  0  0  0  0  0  0  0  1  0 ...  0   -6.0       1 ...
287  0  1  1  0  0  0  0  0  0  1  0  0  0  0  0  0 ...  0   -6.0       1 ...
288  0  0  0  1  0  0  0  0  1  0  0  0  0  0  0  0 ...  1   -6.0       1 ...
289  0  0  0  0  1  0  1  0  0  1  0  0  0  0  0  1 ...  0   -6.0       1 ...
290  0  1  0  1  0  0  0  0  0  0  0  0  0  0  0  0 ...  0   -6.0       1 ...
291  0  0  0  0  0  1  0  1  0  0  0  0  0  0  1  0 ...  0   -6.0       1 ...
292  0  0  1  1  0  1  0  0  0  0  0  0  0  0  0  0 ...  0   -6.0       1 ...
293  0  0  1  0  0  0  0  0  0  1  0  0  0  0  0  1 ...  0   -6.0       1 ...
294  0  0  0  1  0  0  0  1  0  0  0  0  0  0  1  0 ...  1   -6.0       1 ...
295  1  0  0  1  0  0  0  0  1  0  0  0  0  0  0  0 ...  0   -6.0       1 ...
296  1  0  0  0  0  0  1  0  0  0  0  0  0  0  1  0 ...  0   -6.0       1 ...
297  0  0  0  1  0  1  0  0  1  0  0  0  0  0  0  0 ...  0   -6.0       1 ...
298  0  0  1  0  0  0  0  0  0  1  0  0  0  0  0  0 ...  0   -6.0       1 ...
299  0  0  1  0  0  1  0  0  0  0  0  1  0  0  0  0 ...  0   -6.0       1 ...
300  1  0  0  0  0  0  0  0  1  0  1  0  0  0  0  0 ...  1   -6.0       1 ...
301  0  0  1  0  0  0  1  0  0  0  0  0  0  1  0  0 ...  0   -6.0       1 ...
302  0  0  0  1  0  0  1  1  0  0  0  0  0  0  1  0 ...  0   -6.0       1 ...
303  0  1  0  1  0  0  0  0  0  0  0  0  0  0  0  0 ...  1   -6.0       1 ...
304  0  0  1  1  0  1  0  0  0  0  0  0  0  0  1  0 ...  0   -6.0       1 ...
305  0  0  0  1  0  0  1  0  0  0  0  0  0  0  1  0 ...  0   -6.0       1 ...
306  0  0  1  0  0  0  1  0  0  0  0  0  0  1  0  0 ...  0   -6.0       1 ...
307  0  0  1  0  0  1  0  0  0  0  0  0  0  1  0  0 ...  0   -6.0       1 ...
308  0  0  0  0  1  0  0  1  0  0  0  0  0  0  1  0 ...  0   -6.0       1 ...
309  0  0  1  0  0  0  0  0  0  1  0  0  0  0  0  1 ...  1   -6.0       1 ...
310  0  1  0  0  0  0  0  0  1  0  0  0  0  0  1  0 ...  1   -6.0       1 ...
311  0  0  0  1  0  0  0  1  0  0  0  0  0  0  1  0 ...  0   -6.0       1 ...
312  0  1  0  1  0  0  1  0  0  0  0  0  0  0  1  0 ...  0   -6.0       1 ...
313  0  0  0  0  0  0  1  0  0  0  0  0  0  0  1  0 ...  0   -6.0       1 ...
314  0  0  1  1  0  1  0  0  0  0  0  0  0  0  0  0 ...  0   -6.0       1 ...
315  0  0  0  0  0  0  0  1  0  0  0  0  0  0  1  0 ...  0   -6.0       1 ...
316  0  0  1  1  0  1  0  0  0  0  0  0  1  0  0  0 ...  0   -6.0       1 ...
317  1  1  0  0  0  0  0  0  0  0  0  0  0  0  1  0 ...  0   -6.0       1 ...
318  1  0  1  0  0  0  0  0  1  0  0  1  0  0  0  0 ...  0   -6.0       1 ...
319  0  0  1  0  0  0  0  0  0  0  0  0  0  1  0  1 ...  0   -6.0       1 ...
320  0  0  1  1  0  1  0  0  0  0  0  0  0  0  0  0 ...  1   -6.0       1 ...
321  0  0  1  1  0  1  0  0  0  0  0  0  0  0  0  0 ...  0   -6.0       1 ...
322  0  1  0  0  0  0  0  0  0  0  0  0  1  0  0  1 ...  0   -6.0       1 ...
323  1  0  0  1  0  0  0  1  0  0  0  0  0  0  1  0 ...  0   -6.0       1 ...
324  0  0  1  0  0  0  0  0  0  0  0  0  0  1  0  0 ...  0   -6.0       1 ...
325  0  0  0  0  1  0  0  0  0  1  0  0  1  0  0  1 ...  0   -6.0       1 ...
326  0  0  0  0  1  0  1  0  0  0  0  0  0  0  0  0 ...  0   -6.0       1 ...
327  0  0  0  1  0  0  0  0  0  0  0  0  0  0  0  0 ...  1   -6.0       1 ...
328  0  0  1  1  0  1  0  0  0  0  0  0  0  0  0  0 ...  1   -6.0       1 ...
329  0  0  1  0  1  1  0  0  0  0  0  0  0  1  0  0 ...  1   -6.0       1 ...
330  1  0  0  0  0  0  0  0  1  0  0  0  0  0  0  0 ...  1   -6.0       1 ...
331  0  0  0  0  0  0  0  1  1  0  1  0  0  0  0  0 ...  0   -6.0       1 ...
332  1  0  0  0  0  0  0  0  1  0  0  1  0  0  0  0 ...  1   -6.0       1 ...
333  1  0  0  0  0  0  0  0  1  1  0  0  0  0  0  1 ...  0   -6.0       1 ...
334  0  0  0  0  0  0  0  0  0  1  0  1  0  0  0  0 ...  0   -6.0       1 ...
335  0  0  1  1  0  0  0  0  0  0  0  0  0  0  0  0 ...  1   -6.0       1 ...
336  1  0  0  0  0  0  0  0  0  1  0  0  0  0  0  0 ...  0   -6.0       2 ...
337  0  0  0  1  1  0  0  0  0  0  1  0  0  0  0  0 ...  0   -6.0       1 ...
338  0  0  1  0  0  1  0  0  0  1  0  0  0  0  0  0 ...  0   -6.0       2 ...
339  0  0  0  0  0  0  0  1  0  0  1  0  0  0  0  0 ...  0   -6.0       2 ...
340  0  0  0  0  1  1  0  0  0  0  0  0  0  0  0  0 ...  0   -6.0       1 ...
341  0  0  1  0  0  0  0  0  1  0  0  1  0  0  0  0 ...  0   -6.0       1 ...
342  1  0  0  0  0  0  0  0  1  0  0  1  0  0  0  0 ...  0   -6.0       1 ...
343  0  0  0  0  1  0  1  0  0  0  1  0  0  0  0  0 ...  0   -6.0       2 ...
344  0  0  1  0  0  0  0  0  0  1  0  1  0  1  0  0 ...  0   -6.0       1 ...
345  0  0  0  0  1  0  1  0  0  0  0  0  0  0  0  0 ...  0   -6.0       1 ...
346  0  0  0  1  0  1  0  0  0  0  0  0  0  0  0  0 ...  0   -6.0       1 ...
347  1  0  0  0  0  0  0  0  0  1  0  0  0  0  0  0 ...  0   -6.0       1 ...
348  0  0  1  0  0  0  0  0  0  1  0  1  0  0  0  1 ...  0   -6.0       1 ...
349  0  0  0  0  0  0  0  0  1  0  0  1  0  0  0  0 ...  0   -6.0       1 ...
350  0  0  1  0  0  1  0  0  0  0  0  1  0  0  0  0 ...  1   -6.0       2 ...
351  0  0  1  0  0  0  0  0  0  1  1  0  0  0  0  0 ...  0   -6.0       1 ...
352  0  0  1  0  0  0  0  0  0  1  0  1  0  0  0  0 ...  0   -6.0       1 ...
353  0  0  1  1  0  0  0  0  0  0  0  1  0  0  0  0 ...  0   -6.0       1 ...
354  1  0  0  0  0  0  0  0  1  0  0  0  0  0  1  0 ...  0   -6.0       2 ...
355  0  0  0  0  0  1  0  0  0  0  0  0  0  0  0  0 ...  0   -6.0       1 ...
356  0  0  1  0  0  1  0  0  0  0  0  0  0  0  1  0 ...  0   -6.0       1 ...
357  0  0  1  0  0  0  0  0  0  1  0  0  0  1  0  0 ...  0   -6.0       1 ...
358  1  0  1  0  0  0  0  0  0  1  0  1  0  0  0  0 ...  0   -6.0       1 ...
359  0  0  0  0  0  0  0  1  0  0  1  0  0  0  0  0 ...  1   -6.0       1 ...
360  1  0  0  0  0  0  0  0  1  1  0  1  0  0  0  0 ...  0   -6.0       1 ...
361  0  0  1  0  0  0  0  0  0  0  0  0  0  0  0  0 ...  1   -6.0       1 ...
362  0  0  1  0  0  0  0  1  0  1  0  0  0  0  0  0 ...  0   -6.0       1 ...
363  1  0  0  0  0  0  0  1  1  0  0  0  0  0  1  0 ...  0   -6.0       1 ...
364  0  0  0  0  1  0  1  0  0  0  0  0  0  0  1  0 ...  0   -6.0       1 ...
365  0  0  0  1  0  1  0  0  0  0  0  0  0  0  0  0 ...  1   -6.0       1 ...
366  1  0  0  0  0  0  0  1  0  1  0  0  0  0  1  0 ...  0   -6.0       1 ...
367  1  1  0  0  0  0  0  1  0  0  0  0  0  0  1  0 ...  0   -6.0       1 ...
368  0  0  1  0  0  1  0  0  0  0  0  0  0  0  0  0 ...  0   -6.0       1 ...
369  0  0  1  0  0  0  0  0  0  1  0  1  0  0  0  0 ...  0   -6.0       1 ...
370  0  0  0  0  1  0  0  0  0  0  1  0  0  0  0  0 ...  0   -6.0       1 ...
371  0  0  0  0  0  0  0  0  0  1  0  1  0  0  0  0 ...  0   -6.0       1 ...
372  0  0  1  0  0  0  0  0  1  0  0  1  0  0  0  0 ...  0   -6.0       1 ...
373  1  0  0  0  0  0  0  0  0  1  0  1  0  0  0  0 ...  0   -6.0       1 ...
374  0  0  1  0  0  1  0  0  0  0  1  0  0  0  0  0 ...  0   -6.0       1 ...
375  0  0  1  0  0  0  0  0  0  1  0  0  1  0  0  0 ...  0   -6.0       1 ...
376  1  0  1  0  0  0  0  0  0  1  0  0  0  0  0  1 ...  0   -6.0       1 ...
377  1  0  0  0  0  0  0  0  1  0  0  0  0  0  0  0 ...  0   -6.0       1 ...
378  0  0  1  0  1  1  0  0  0  0  0  0  0  0  0  0 ...  0   -6.0       1 ...
379  0  0  1  0  0  0  0  0  0  1  0  1  0  0  0  1 ...  1   -6.0       1 ...
380  0  0  1  0  0  0  0  0  0  0  0  1  0  0  0  0 ...  1   -6.0       1 ...
381  1  0  0  0  0  0  0  0  0  1  0  1  0  0  0  0 ...  0   -6.0       1 ...
382  0  0  0  0  0  0  0  0  1  0  0  1  0  0  0  0 ...  1   -6.0       1 ...
383  0  0  1  0  0  0  0  0  0  1  0  1  0  0  0  0 ...  0   -6.0       1 ...
384  0  0  0  1  1  1  0  0  0  0  0  0  1  0  0  0 ...  0   -6.0       1 ...
385  0  0  0  0  1  1  0  1  0  0  1  0  0  0  0  0 ...  0   -6.0       1 ...
386  0  0  0  0  1  0  0  0  1  0  0  1  0  0  0  0 ...  0   -6.0       1 ...
387  0  0  1  0  0  0  0  0  0  1  0  1  0  0  0  0 ...  0   -6.0       1 ...
388  1  0  0  0  0  0  0  0  1  0  0  1  0  0  0  0 ...  0   -6.0       3 ...
389  1  0  0  0  0  0  0  0  1  0  0  0  0  0  0  0 ...  0   -6.0       3 ...
390  0  0  0  0  1  0  0  1  0  0  0  0  0  0  0  0 ...  0   -6.0       1 ...
391  0  0  0  0  1  0  1  0  0  0  0  0  0  0  0  0 ...  0   -6.0       1 ...
392  1  0  0  0  0  0  0  0  0  1  0  0  0  1  0  0 ...  0   -6.0       1 ...
393  0  0  0  1  1  0  0  0  0  0  1  0  0  0  0  0 ...  0   -6.0       1 ...
394  0  0  1  0  0  0  0  0  0  1  0  1  0  0  0  0 ...  0   -6.0       1 ...
395  1  0  0  0  0  0  0  0  1  0  0  0  0  0  0  0 ...  0   -6.0       1 ...
396  0  0  1  0  0  0  0  0  0  1  0  1  0  0  0  0 ...  1   -6.0       1 ...
397  0  0  1  0  0  1  0  0  0  1  0  0  0  0  0  0 ...  0   -6.0       1 ...
398  1  0  0  0  0  0  0  0  1  0  0  1  0  0  0  0 ...  1   -6.0       1 ...
399  1  0  0  0  0  0  0  0  0  1  0  1  0  0  0  0 ...  0   -6.0       1 ...
400  0  1  0  0  0  0  0  0  0  1  1  0  0  0  0  0 ...  1   -6.0       1 ...
401  0  1  0  0  0  0  0  0  1  1  0  0  0  0  0  1 ...  0   -6.0       2 ...
402  0  0  1  0  1  1  0  0  0  0  0  1  0  0  0  0 ...  0   -6.0       1 ...
403  0  0  1  0  0  0  0  0  0  1  0  1  0  0  0  0 ...  0   -6.0       1 ...
404  0  0  1  0  1  0  0  0  0  1  0  1  0  0  0  0 ...  0   -6.0       1 ...
405  0  0  1  0  0  0  0  0  0  1  0  1  0  0  0  1 ...  0   -6.0       1 ...
406  0  0  1  0  0  0  0  0  0  1  0  1  0  0  0  0 ...  0   -6.0       1 ...
407  0  0  0  0  1  0  0  1  0  0  0  1  0  0  0  0 ...  0   -6.0       1 ...
408  0  0  0  1  1  1  0  0  0  0  0  0  0  0  0  0 ...  0   -6.0       1 ...
409  0  0  1  0  1  0  0  0  0  0  0  1  0  0  0  0 ...  0   -6.0       1 ...
410  1  0  1  0  0  0  0  0  0  1  0  1  0  0  0  0 ...  0   -6.0       1 ...
411  0  0  1  0  1  0  0  0  0  0  0  1  0  0  0  0 ...  0   -6.0       1 ...
412  0  0  1  0  0  0  0  0  0  1  0  1  0  0  0  0 ...  1   -6.0       3 ...
413  0  0  0  0  1  0  0  0  0  0  0  1  0  0  0  0 ...  0   -6.0       1 ...
414  1  0  0  0  0  0  0  1  0  1  0  0  0  0  0  0 ...  0   -6.0       2 ...
415  0  0  1  0  0  0  0  0  0  1  0  1  0  0  0  0 ...  1   -6.0       3 ...
416  0  0  1  0  0  0  0  0  0  1  0  0  0  0  0  1 ...  0   -6.0       1 ...
417  0  0  0  0  1  0  0  0  0  1  0  1  0  0  0  0 ...  0   -6.0       1 ...
420  0  0  1  0  0  0  0  0  0  1  0  1  0  0  0  0 ...  0   -6.0       1 ...
425  1  0  1  0  0  0  0  0  1  0  0  1  0  0  0  0 ...  0   -6.0       1 ...
426  0  0  0  1  0  0  0  0  1  0  0  0  0  0  0  0 ...  0   -6.0       1 ...
428  0  0  1  1  0  1  0  0  0  0  0  0  0  0  0  0 ...  0   -6.0       1 ...
429  0  0  1  1  0  0  0  0  0  0  0  0  0  0  0  0 ...  0   -6.0       1 ...
431  0  0  1  0  0  1  0  0  0  0  0  0  0  0  0  0 ...  0   -6.0       1 ...
432  0  0  0  1  0  0  0  0  0  0  0  0  0  0  0  0 ...  0   -6.0       1 ...
433  1  0  1  0  0  0  0  1  0  1  0  0  0  0  0  0 ...  0   -6.0       1 ...
434  1  0  1  0  0  0  0  0  0  0  0  1  0  0  0  0 ...  0   -6.0       1 ...
435  1  0  1  0  0  0  0  0  0  1  0  1  0  0  0  0 ...  0   -6.0       2 ...
436  1  0  0  0  0  0  0  0  0  1  0  1  0  0  0  0 ...  0   -6.0       1 ...
437  1  0  0  0  0  0  0  0  1  0  0  0  0  0  0  0 ...  0   -6.0       1 ...
438  0  0  1  0  0  1  0  0  0  0  0  0  0  0  0  0 ...  0   -6.0       1 ...
439  1  0  0  0  0  0  0  1  1  0  0  0  0  0  0  0 ...  0   -6.0       2 ...
440  1  0  1  0  0  0  0  0  0  1  0  0  0  0  0  0 ...  0   -6.0       1 ...
441  0  0  1  0  0  0  0  0  0  0  0  1  0  0  0  0 ...  0   -6.0       1 ...
442  0  0  0  0  0  0  0  0  0  1  0  1  0  0  0  0 ...  0   -6.0       1 ...
444  0  0  1  0  0  0  0  0  0  0  0  0  0  0  0  0 ...  0   -6.0       1 ...
445  1  0  0  0  0  0  0  0  1  0  0  1  0  0  0  0 ...  0   -6.0       2 ...
446  1  0  0  0  0  0  0  0  1  0  0  1  0  0  0  0 ...  0   -6.0       1 ...
447  0  0  1  0  0  1  0  0  0  1  0  0  0  0  0  0 ...  0   -6.0       1 ...
448  0  0  1  0  0  0  0  0  0  1  0  0  0  0  0  1 ...  0   -6.0       1 ...
449  1  0  1  0  0  0  0  0  0  1  0  0  0  0  0  0 ...  0   -6.0       1 ...
450  0  0  1  0  0  0  0  0  0  1  0  0  0  0  0  0 ...  0   -6.0       1 ...
451  1  0  0  0  0  0  0  0  0  1  0  0  0  0  0  0 ...  0   -6.0       1 ...
452  0  0  1  0  0  0  0  0  0  0  0  1  0  0  0  0 ...  0   -6.0       1 ...
457  0  1  0  0  0  0  1  0  0  0  0  0  0  0  1  0 ...  0   -6.0       1 ...
459  0  0  1  0  0  1  0  0  0  1  0  1  0  0  0  0 ...  0   -6.0       1 ...
460  0  0  1  0  0  1  0  0  0  1  0  1  0  0  0  0 ...  0   -6.0       1 ...
461  0  0  1  0  0  0  0  0  1  0  0  1  0  0  0  0 ...  0   -6.0       1 ...
462  1  0  1  0  0  0  0  0  0  1  0  1  0  0  0  0 ...  0   -6.0       1 ...
463  0  0  1  0  0  0  0  0  0  1  0  1  0  0  0  1 ...  0   -6.0       1 ...
464  0  0  0  0  0  0  0  0  1  0  1  0  0  0  0  1 ...  1   -6.0       1 ...
467  1  0  0  0  0  0  1  0  1  0  0  0  0  0  0  0 ...  0   -6.0       1 ...
469  1  0  1  0  0  0  0  0  1  0  0  1  0  0  0  0 ...  0   -6.0       1 ...
470  1  0  0  0  0  0  0  0  0  0  0  1  0  0  0  0 ...  0   -6.0       1 ...
473  1  0  0  0  0  0  0  0  1  0  1  1  0  0  0  0 ...  0   -6.0       1 ...
474  0  0  1  0  0  1  0  0  0  0  0  1  0  0  0  0 ...  0   -6.0       1 ...
477  0  0  1  0  0  0  0  0  0  0  0  1  0  0  0  0 ...  0   -6.0       1 ...
481  0  0  1  0  0  0  0  0  0  1  0  1  0  0  0  0 ...  0   -6.0       1 ...
482  0  0  1  0  0  1  0  0  0  1  0  0  0  0  0  0 ...  1   -6.0       1 ...
484  0  0  1  0  0  0  0  0  0  0  0  1  0  0  0  0 ...  0   -6.0       1 ...
485  1  0  0  0  0  0  0  0  1  0  0  1  0  0  0  0 ...  0   -6.0       1 ...
491  0  0  1  0  1  1  0  0  0  0  1  0  0  0  0  0 ...  0   -6.0       1 ...
589  0  0  0  1  0  0  1  0  0  0  1  0  0  0  0  0 ...  0   -6.0       1 ...
591  1  0  1  0  0  0  0  1  0  1  0  0  0  0  0  0 ...  0   -6.0       1 ...
592  0  0  1  0  0  1  0  0  0  0  0  0  0  0  0  0 ...  0   -6.0       1 ...
593  0  0  0  0  1  0  1  0  0  0  0  0  1  0  0  1 ...  0   -6.0       1 ...
594  0  0  1  0  0  1  0  1  0  0  0  0  0  0  0  0 ...  0   -6.0       1 ...
595  0  0  0  1  0  0  0  0  0  0  0  0  0  0  0  0 ...  1   -6.0       1 ...
597  1  0  0  1  0  0  0  0  1  0  0  0  0  0  0  0 ...  0   -6.0       1 ...
599  1  0  0  0  0  1  0  1  0  0  0  0  0  0  1  0 ...  0   -6.0       1 ...
601  0  0  0  0  1  0  1  0  0  0  1  0  0  0  0  0 ...  0   -6.0       1 ...
602  0  0  1  0  0  0  0  0  0  1  0  0  0  0  0  0 ...  0   -6.0       1 ...
603  0  0  1  1  0  1  0  0  0  0  0  0  0  0  1  0 ...  0   -6.0       1 ...
604  0  0  1  0  0  0  0  0  0  1  0  0  0  0  0  0 ...  0   -6.0       1 ...
605  0  0  1  0  0  0  0  0  0  1  0  1  0  0  0  0 ...  0   -6.0       1 ...
607  0  0  1  0  0  0  0  0  0  1  0  1  0  0  0  0 ...  0   -6.0       1 ...
609  0  0  0  1  1  0  1  0  0  0  0  0  0  0  1  0 ...  0   -6.0       1 ...
610  0  0  0  0  1  1  0  1  0  0  0  0  0  0  1  0 ...  0   -6.0       1 ...
612  0  0  1  0  0  0  0  1  0  0  0  0  0  0  0  0 ...  0   -6.0       1 ...
615  0  0  1  0  0  0  0  0  0  1  0  0  0  0  0  1 ...  0   -6.0       1 ...
619  1  0  0  1  0  0  0  0  0  0  0  0  0  0  1  0 ...  0   -6.0       1 ...
623  0  0  1  0  0  0  0  0  0  1  0  1  0  0  0  0 ...  0   -6.0       1 ...
624  1  0  0  0  0  1  0  0  0  0  0  0  0  0  0  0 ...  0   -6.0       1 ...
625  0  0  1  0  0  0  0  0  0  1  0  0  0  0  0  0 ...  0   -6.0       1 ...
626  0  0  0  1  0  1  0  0  0  0  0  0  1  0  0  0 ...  0   -6.0       1 ...
630  0  0  0  0  0  0  0  0  0  0  1  0  0  0  0  0 ...  0   -6.0       1 ...
634  0  0  0  1  0  0  1  0  0  0  0  0  0  0  0  0 ...  1   -6.0       1 ...
642  1  0  0  0  0  0  0  0  0  0  0  0  0  0  1  0 ...  0   -6.0       1 ...
643  0  0  0  1  0  0  1  0  0  0  0  1  0  0  0  0 ...  0   -6.0       1 ...
645  0  0  1  1  0  0  0  0  0  0  0  0  0  0  0  0 ...  0   -6.0       1 ...
677  0  0  1  0  0  0  0  0  0  1  1  0  0  0  0  0 ...  0   -6.0       1 ...
679  1  0  0  0  0  0  0  0  0  0  0  1  0  0  0  0 ...  0   -6.0       1 ...
687  1  0  0  1  0  0  0  0  0  0  0  0  0  0  1  0 ...  0   -6.0       1 ...
701  0  0  1  0  0  0  0  1  0  0  0  0  0  0  0  0 ...  0   -6.0       1 ...
702  0  0  0  0  1  0  1  0  0  0  0  0  0  0  1  1 ...  0   -6.0       1 ...
706  1  0  0  0  0  0  0  0  1  0  1  0  0  0  0  0 ...  0   -6.0       1 ...
472  0  1  1  0  0  0  0  0  0  0  0  0  0  1  0  1 ...  1   -4.0       1 ...
475  0  0  1  0  0  1  0  0  0  1  0  1  0  0  0  0 ...  0   -4.0       1 ...
476  1  0  0  0  0  0  0  0  0  1  0  1  0  0  0  0 ...  0   -4.0       1 ...
478  0  0  0  0  1  0  0  0  0  1  0  1  0  0  0  0 ...  0   -4.0       1 ...
480  1  0  1  0  0  0  0  0  0  1  0  0  0  0  0  0 ...  0   -4.0       1 ...
486  1  0  0  0  0  0  0  0  0  1  0  1  0  0  0  0 ...  0   -4.0       1 ...
487  1  0  1  0  0  0  0  0  0  1  0  0  0  0  0  0 ...  0   -4.0       1 ...
489  0  0  1  0  0  0  0  0  0  0  0  0  0  0  0  1 ...  0   -4.0       1 ...
490  0  0  1  1  0  0  0  0  0  1  0  1  0  0  0  0 ...  0   -4.0       2 ...
492  0  0  0  1  0  0  0  0  0  0  0  0  1  0  0  0 ...  0   -4.0       1 ...
493  0  0  0  0  0  0  1  0  0  0  0  0  0  0  1  0 ...  0   -4.0       1 ...
494  0  0  1  0  0  0  1  0  0  0  0  0  0  1  0  0 ...  0   -4.0       1 ...
495  0  0  0  0  0  0  1  0  0  0  0  0  0  0  0  0 ...  0   -4.0       1 ...
496  0  1  0  0  0  0  1  0  0  0  0  0  0  0  1  0 ...  0   -4.0       1 ...
497  1  0  0  0  0  0  0  0  0  0  0  0  0  0  0  0 ...  0   -4.0       1 ...
498  1  0  0  0  0  0  0  1  0  0  0  0  0  0  0  0 ...  0   -4.0       1 ...
499  0  0  0  0  1  0  0  0  1  0  1  0  0  0  0  0 ...  0   -4.0       1 ...
500  0  0  0  1  0  0  0  0  0  1  1  0  0  0  0  0 ...  1   -4.0       1 ...
501  0  0  0  0  0  0  1  0  0  0  0  0  1  0  1  0 ...  0   -4.0       1 ...
502  0  1  0  0  0  0  0  0  0  1  1  0  0  0  1  0 ...  0   -4.0       1 ...
503  0  0  1  0  0  0  0  0  0  0  0  0  0  0  0  1 ...  1   -4.0       1 ...
504  0  0  0  0  0  1  0  0  0  0  0  0  0  0  1  0 ...  0   -4.0       1 ...
505  0  0  0  0  1  0  0  0  0  0  0  1  0  0  0  1 ...  0   -4.0       1 ...
506  0  0  0  0  0  0  0  0  0  0  0  0  0  0  1  1 ...  1   -4.0       1 ...
507  1  0  0  0  1  0  0  0  0  0  0  1  0  0  0  0 ...  0   -4.0       1 ...
508  0  0  0  0  0  0  1  0  0  0  0  0  1  0  0  1 ...  0   -4.0       1 ...
509  0  0  0  1  0  0  0  0  0  1  1  0  0  0  0  0 ...  0   -4.0       1 ...
510  0  0  0  0  0  0  1  0  0  0  1  0  0  0  0  1 ...  0   -4.0       1 ...
511  0  0  0  0  1  0  1  1  0  0  0  0  0  0  0  0 ...  0   -4.0       1 ...
512  0  0  0  1  0  0  0  0  1  0  1  0  1  0  0  0 ...  0   -4.0       1 ...
513  0  0  0  1  0  0  0  0  1  0  0  1  0  0  0  0 ...  0   -4.0       1 ...
514  1  0  0  1  0  1  0  0  1  0  0  0  0  0  0  0 ...  0   -4.0       1 ...
515  0  0  0  0  0  0  0  0  0  0  0  0  0  0  1  0 ...  0   -4.0       1 ...
516  0  0  0  1  0  0  0  0  0  0  1  0  1  0  0  0 ...  1   -4.0       1 ...
517  0  0  0  1  0  0  1  0  0  0  1  0  0  0  1  0 ...  1   -4.0       1 ...
518  0  0  1  1  0  1  0  0  0  0  1  0  0  0  0  0 ...  0   -4.0       1 ...
519  0  0  0  0  0  0  0  0  0  0  0  0  1  0  1  0 ...  0   -4.0       1 ...
520  0  0  1  0  0  0  0  0  0  0  0  0  1  0  0  1 ...  0   -4.0       1 ...
521  0  0  0  0  1  0  0  0  0  0  1  0  0  0  0  0 ...  0   -4.0       1 ...
522  1  0  0  1  0  0  0  0  0  0  0  0  1  0  1  0 ...  0   -4.0       1 ...
523  1  0  0  1  0  0  0  0  1  0  0  1  0  0  0  0 ...  0   -4.0       1 ...
524  0  1  0  0  0  0  0  0  0  1  0  0  1  0  0  0 ...  0   -4.0       1 ...
525  0  1  0  1  0  0  1  0  0  0  0  0  0  0  1  0 ...  1   -4.0       1 ...
526  0  0  0  0  1  0  1  0  0  0  0  1  0  0  0  0 ...  0   -4.0       1 ...
527  0  0  0  0  0  0  0  0  0  1  0  0  0  0  0  0 ...  0   -4.0       1 ...
528  0  0  1  0  1  1  0  0  0  0  0  0  0  1  0  0 ...  0   -4.0       1 ...
529  0  0  0  1  0  0  0  0  0  0  0  0  0  0  0  0 ...  0   -4.0       1 ...
530  0  1  0  0  1  0  0  0  0  0  0  0  0  0  0  0 ...  0   -4.0       1 ...
531  0  0  0  0  0  0  0  0  1  0  1  1  0  0  0  0 ...  0   -4.0       1 ...
532  0  0  1  0  0  1  0  0  0  0  0  0  1  0  0  1 ...  0   -4.0       1 ...
533  1  0  0  0  1  0  0  0  0  0  0  1  0  0  0  0 ...  0   -4.0       1 ...
534  0  0  0  1  0  1  0  0  0  0  0  0  0  0  0  0 ...  1   -4.0       1 ...
535  0  0  0  1  0  0  0  1  0  0  0  0  0  0  0  0 ...  0   -4.0       1 ...
536  0  0  1  0  0  1  0  0  0  1  0  1  0  0  0  0 ...  0   -4.0       1 ...
537  1  0  0  1  0  0  1  0  0  0  0  0  0  0  0  0 ...  0   -4.0       1 ...
538  0  0  0  1  0  0  0  0  0  0  0  0  0  0  1  0 ...  0   -4.0       1 ...
539  0  0  0  0  0  0  0  0  0  1  0  0  0  0  0  1 ...  0   -4.0       1 ...
540  1  0  0  1  0  0  0  0  0  0  0  0  0  0  1  0 ...  0   -4.0       1 ...
541  1  1  0  0  0  0  0  0  1  0  1  0  0  0  0  0 ...  0   -4.0       1 ...
542  0  0  1  0  1  0  0  0  0  0  0  0  0  0  0  1 ...  1   -4.0       1 ...
543  0  0  0  1  0  0  0  0  0  0  0  0  0  0  0  0 ...  1   -4.0       1 ...
544  1  0  0  0  0  0  1  1  0  0  0  0  0  0  1  0 ...  0   -4.0       1 ...
545  0  0  1  1  0  0  0  0  0  0  0  0  0  0  1  0 ...  0   -4.0       1 ...
546  0  0  1  0  0  0  0  0  0  1  0  0  0  0  0  0 ...  0   -4.0       1 ...
547  1  1  0  1  0  0  0  0  0  0  0  0  0  0  1  0 ...  0   -4.0       1 ...
548  0  0  1  0  0  0  0  0  0  0  0  0  0  1  0  0 ...  1   -4.0       1 ...
549  1  0  0  0  0  0  0  0  0  0  0  0  0  0  0  0 ...  1   -4.0       1 ...
550  0  0  0  0  0  0  0  1  0  0  0  0  0  0  0  0 ...  1   -4.0       1 ...
551  0  0  1  0  0  1  0  0  0  0  0  0  1  1  0  0 ...  1   -4.0       1 ...
552  0  0  0  1  0  0  1  0  0  0  0  0  0  1  0  0 ...  0   -4.0       1 ...
553  0  0  0  0  0  0  0  0  0  1  0  1  0  0  0  1 ...  0   -4.0       1 ...
554  0  0  1  0  0  0  0  0  0  0  0  1  0  0  0  0 ...  0   -4.0       1 ...
555  0  0  1  0  0  0  1  0  0  0  0  0  0  0  0  0 ...  0   -4.0       1 ...
556  0  0  1  0  0  0  0  0  1  1  0  1  0  0  0  0 ...  0   -4.0       1 ...
557  0  0  0  0  1  0  0  1  0  0  0  0  0  0  0  0 ...  1   -4.0       1 ...
558  0  0  1  0  1  0  0  1  0  0  0  0  0  0  0  0 ...  0   -4.0       1 ...
559  0  0  1  0  0  0  0  1  0  1  1  0  0  0  0  0 ...  0   -4.0       1 ...
560  0  0  1  0  0  0  0  0  1  0  0  1  0  0  0  0 ...  0   -4.0       1 ...
561  0  0  0  0  1  0  0  0  0  0  0  1  0  0  0  0 ...  0   -4.0       1 ...
562  0  0  1  0  0  1  0  0  1  0  0  0  0  0  0  0 ...  0   -4.0       1 ...
563  0  0  1  0  0  0  0  0  0  1  0  1  1  0  0  0 ...  0   -4.0       1 ...
564  1  0  1  0  0  0  0  1  0  0  0  0  0  0  1  0 ...  0   -4.0       1 ...
565  0  0  1  0  1  0  0  0  0  0  0  1  0  1  0  1 ...  0   -4.0       1 ...
566  0  0  0  0  1  0  0  0  1  0  0  1  0  0  0  1 ...  1   -4.0       1 ...
567  1  0  0  0  0  0  0  0  0  1  0  0  0  0  0  0 ...  0   -4.0       1 ...
568  0  0  0  0  1  1  0  0  0  1  0  1  0  0  0  0 ...  0   -4.0       1 ...
569  1  0  1  0  0  0  0  0  0  1  0  0  0  0  0  0 ...  0   -4.0       1 ...
570  0  0  0  0  1  0  1  1  0  0  0  0  0  0  0  0 ...  0   -4.0       1 ...
571  1  1  0  0  0  0  0  1  0  0  0  0  0  0  0  0 ...  0   -4.0       1 ...
572  0  0  0  0  1  0  0  1  0  0  0  0  0  0  0  1 ...  0   -4.0       1 ...
573  0  0  1  0  0  0  0  0  0  0  0  0  0  0  0  0 ...  1   -4.0       1 ...
574  1  0  1  0  0  0  0  0  0  1  0  1  0  0  0  0 ...  0   -4.0       1 ...
575  0  0  0  0  1  0  0  1  0  0  0  0  0  0  0  0 ...  0   -4.0       1 ...
576  0  1  0  0  1  0  0  0  0  0  0  0  0  0  0  0 ...  0   -4.0       1 ...
577  0  0  0  1  0  0  0  0  0  1  0  1  0  0  0  0 ...  0   -4.0       1 ...
578  0  0  0  0  1  0  0  0  0  0  0  0  1  0  0  0 ...  0   -4.0       1 ...
579  0  0  1  1  0  0  0  0  0  0  0  0  0  0  0  0 ...  0   -4.0       1 ...
580  0  0  0  0  1  0  0  1  0  1  1  0  0  0  0  0 ...  0   -4.0       1 ...
581  1  0  0  0  0  0  0  0  1  0  0  1  0  1  0  0 ...  1   -4.0       1 ...
582  0  0  0  0  0  0  0  1  0  1  1  1  0  0  0  0 ...  0   -4.0       1 ...
583  0  0  1  0  1  0  0  0  0  0  0  1  0  1  0  0 ...  0   -4.0       1 ...
584  0  0  1  1  0  0  0  0  0  0  0  1  0  0  0  0 ...  1   -4.0       1 ...
585  0  0  1  0  0  0  1  0  0  1  0  1  0  0  0  0 ...  0   -4.0       1 ...
586  0  0  1  1  0  0  0  0  0  0  0  0  0  0  0  0 ...  0   -4.0       1 ...
587  0  0  1  0  1  0  0  0  0  0  0  1  0  0  0  0 ...  0   -4.0       2 ...
588  0  1  0  0  0  0  0  0  1  0  1  1  0  0  0  0 ...  0   -4.0       1 ...
590  0  0  0  1  1  0  0  0  1  0  1  0  0  0  0  0 ...  1   -4.0       1 ...
596  0  0  0  0  1  0  1  0  1  0  0  0  0  0  0  1 ...  0   -4.0       1 ...
606  1  0  1  0  0  0  0  0  0  1  0  0  1  0  0  0 ...  0   -4.0       1 ...
613  1  0  0  0  0  0  0  1  0  1  0  1  0  0  0  0 ...  0   -4.0       1 ...
614  0  0  1  0  0  0  0  0  0  0  0  0  0  0  0  1 ...  0   -4.0       1 ...
616  0  0  1  0  0  0  0  0  0  1  0  0  0  0  0  0 ...  0   -4.0       1 ...
617  0  1  1  0  0  0  0  0  0  1  0  1  0  0  0  0 ...  0   -4.0       1 ...
618  1  0  0  0  0  0  0  0  0  1  0  1  0  0  0  0 ...  0   -4.0       1 ...
620  1  0  1  0  0  0  0  0  0  1  0  1  0  0  0  0 ...  0   -4.0       1 ...
621  0  0  1  0  0  0  0  1  0  0  0  0  0  0  0  0 ...  0   -4.0       1 ...
627  0  0  1  0  0  0  0  0  1  0  0  0  0  0  0  0 ...  1   -4.0       1 ...
628  1  0  0  1  0  0  1  0  0  0  0  0  0  0  1  0 ...  0   -4.0       1 ...
629  1  0  1  0  0  0  0  0  1  0  0  1  0  0  0  0 ...  0   -4.0       1 ...
631  0  1  1  0  0  0  0  0  0  0  0  1  0  0  0  0 ...  0   -4.0       1 ...
632  0  1  0  0  0  0  1  0  1  1  0  0  0  0  0  1 ...  0   -4.0       1 ...
633  0  0  1  1  0  1  0  0  0  0  0  0  0  0  0  0 ...  0   -4.0       1 ...
635  0  1  0  0  1  0  1  0  0  0  0  0  0  0  0  1 ...  0   -4.0       1 ...
638  0  0  0  0  1  0  0  0  1  0  1  1  0  0  0  0 ...  0   -4.0       1 ...
639  0  0  0  1  1  1  0  0  0  0  0  0  0  0  1  0 ...  0   -4.0       1 ...
640  1  0  0  0  0  0  0  0  0  1  0  0  1  0  0  0 ...  0   -4.0       1 ...
646  0  1  0  0  1  0  1  0  1  0  0  0  0  0  0  1 ...  0   -4.0       1 ...
675  0  0  0  0  0  0  0  1  0  0  0  0  0  0  0  0 ...  0   -4.0       1 ...
676  0  0  1  0  0  0  0  1  0  1  0  0  0  0  0  0 ...  0   -4.0       1 ...
678  0  0  1  0  0  0  0  0  0  1  1  0  0  0  0  0 ...  0   -4.0       1 ...
681  0  0  1  0  0  0  0  0  0  1  1  0  0  0  0  1 ...  1   -4.0       1 ...
682  0  1  0  0  0  0  0  0  1  0  0  0  0  0  0  0 ...  1   -4.0       1 ...
688  1  0  0  0  0  0  0  0  1  0  0  1  0  0  0  0 ...  0   -4.0       1 ...
690  1  0  0  0  0  1  0  0  1  0  0  0  0  0  0  0 ...  0   -4.0       1 ...
691  0  0  0  0  0  0  0  0  1  0  0  1  0  0  0  0 ...  0   -4.0       1 ...
692  0  0  1  0  1  1  0  1  0  0  0  0  0  0  0  0 ...  0   -4.0       1 ...
693  0  0  0  0  1  0  0  0  0  0  1  0  0  0  0  0 ...  1   -4.0       1 ...
694  1  0  0  0  0  0  1  0  1  0  0  1  0  0  0  0 ...  0   -4.0       1 ...
695  0  1  1  0  0  0  0  0  0  1  0  0  0  0  0  0 ...  0   -4.0       1 ...
699  0  0  0  1  0  0  1  0  0  0  0  0  1  0  0  0 ...  0   -4.0       1 ...
479  1  0  0  0  0  0  0  0  0  1  0  1  0  0  0  0 ...  0   -2.0       1 ...
488  1  0  0  0  0  0  0  0  0  1  0  1  0  0  0  0 ...  0   -2.0       1 ...
636  0  1  1  0  0  0  0  0  0  0  0  0  0  1  0  0 ...  0   -2.0       1 ...
637  0  1  1  0  0  0  0  0  0  1  0  0  0  1  0  1 ...  1   -2.0       1 ...
641  0  0  1  0  0  0  0  0  0  1  0  0  0  0  1  0 ...  0   -2.0       1 ...
644  1  0  1  0  0  0  0  0  1  1  0  1  0  0  0  0 ...  0   -2.0       1 ...
647  0  0  0  1  0  0  1  0  0  0  0  0  0  0  1  0 ...  0   -2.0       1 ...
648  0  0  1  0  0  0  0  0  1  0  0  1  0  0  0  0 ...  0   -2.0       1 ...
649  1  0  0  1  0  0  0  0  0  0  0  0  0  0  0  0 ...  1   -2.0       1 ...
650  0  0  0  1  0  0  0  0  0  0  0  1  1  0  0  0 ...  0   -2.0       1 ...
651  0  1  0  0  1  0  0  0  0  0  1  0  0  0  1  0 ...  0   -2.0       1 ...
652  0  0  0  1  0  1  1  0  0  0  0  0  0  0  0  0 ...  0   -2.0       1 ...
653  0  0  1  0  0  0  0  0  0  1  0  0  1  0  1  1 ...  0   -2.0       1 ...
654  0  0  0  1  0  0  0  0  0  0  0  0  0  0  0  1 ...  0   -2.0       1 ...
655  0  0  0  1  0  0  1  0  0  0  0  0  0  1  0  0 ...  1   -2.0       1 ...
656  1  0  0  1  0  1  0  0  0  0  0  0  0  0  0  0 ...  1   -2.0       1 ...
657  0  0  0  0  0  0  0  1  0  1  0  0  0  0  1  1 ...  0   -2.0       1 ...
658  0  0  1  0  0  0  0  1  0  0  0  0  0  0  0  0 ...  0   -2.0       1 ...
659  0  0  1  1  0  0  1  0  0  0  0  0  0  0  0  0 ...  0   -2.0       1 ...
660  1  0  0  1  1  0  0  0  0  0  0  0  0  0  0  0 ...  0   -2.0       1 ...
661  0  0  0  1  1  0  1  1  0  0  0  0  0  0  1  0 ...  0   -2.0       1 ...
662  1  0  0  1  0  0  0  0  0  1  0  0  0  0  0  0 ...  0   -2.0       1 ...
663  0  0  1  0  0  0  0  0  0  0  0  0  0  0  0  0 ...  0   -2.0       1 ...
664  0  0  1  0  0  0  0  0  1  0  0  1  0  1  0  0 ...  1   -2.0       1 ...
665  0  0  1  1  0  0  0  0  0  1  0  1  0  0  0  0 ...  1   -2.0       1 ...
666  0  1  0  0  1  0  0  1  0  0  0  0  0  0  0  0 ...  0   -2.0       1 ...
667  1  0  1  0  0  0  0  0  0  0  0  1  0  0  0  0 ...  0   -2.0       1 ...
668  0  0  0  0  0  0  0  0  0  1  0  1  0  0  0  1 ...  0   -2.0       1 ...
669  0  0  1  1  1  0  0  0  0  0  0  0  0  0  0  0 ...  0   -2.0       1 ...
670  0  0  1  0  0  0  0  1  1  0  0  0  0  0  0  0 ...  0   -2.0       1 ...
671  1  0  1  0  0  0  0  0  0  1  0  0  0  0  1  1 ...  0   -2.0       1 ...
672  0  0  0  0  1  0  0  0  0  1  0  0  0  0  0  1 ...  0   -2.0       1 ...
673  0  1  0  0  1  0  0  0  0  0  0  1  0  0  0  0 ...  0   -2.0       1 ...
674  0  0  1  0  1  0  0  0  0  1  0  1  0  0  0  0 ...  0   -2.0       1 ...
680  0  0  1  0  0  0  0  0  0  0  0  0  0  0  0  0 ...  1   -2.0       1 ...
683  0  0  1  0  0  1  0  0  0  1  0  1  0  0  0  0 ...  1   -2.0       1 ...
684  0  0  1  0  0  0  0  0  0  1  0  1  0  0  0  0 ...  0   -2.0       1 ...
686  1  0  0  1  0  1  1  0  0  0  0  0  0  0  1  0 ...  0   -2.0       1 ...
696  1  0  1  0  0  0  0  0  1  1  0  1  0  0  0  0 ...  0   -2.0       1 ...
705  1  0  0  1  0  0  1  0  1  0  0  0  0  0  0  0 ...  0   -2.0       1 ...
707  1  0  0  0  0  0  0  0  0  1  0  1  0  0  0  0 ...  0   -2.0       1 ...
685  0  0  1  0  0  0  0  0  0  1  0  0  1  0  0  1 ...  0    0.0       1 ...
697  0  0  1  0  0  0  0  0  1  0  0  0  0  0  0  0 ...  1    0.0       1 ...
698  0  1  1  1  0  1  0  0  0  0  0  0  0  1  0  0 ...  1    0.0       1 ...
704  1  0  0  0  0  0  1  0  0  1  0  1  0  0  0  0 ...  0    0.0       1 ...
689  1  0  1  0  0  0  0  0  0  1  0  1  0  0  1  0 ...  0    2.0       1 ...
703  1  0  0  0  1  0  0  0  0  1  0  1  0  0  0  0 ...  0    2.0       1 ...
['BINARY', 708 rows, 1000 samples, 25 variables]