n_60
4.360854864120483
3.411059856414795
3.703646659851074
3.6658191680908203
2.857252597808838
1.7496373653411865
1.2650468349456787
1.7114050388336182
1.4040648937225342
1.8453731536865234
1.2256414890289307
1.2779169082641602
1.8505749702453613
1.1775593757629395
1.1862993240356445
2.8877830505371094
1.232351303100586
1.4384474754333496
1.400012731552124
2.2047500610351562
1.2016899585723877
1.295349359512329
1.45074462890625
1.2151238918304443
2.5829007625579834
1.3097143173217773
1.278742790222168
1.2788166999816895
1.3307952880859375
2.6946299076080322
1.3857464790344238
1.268467664718628
1.2730073928833008
1.2106633186340332
1.3202764987945557
1.270951509475708
1.7279424667358398
3.2948238849639893
1.3286538124084473
1.2581989765167236
1.4020371437072754
1.4009408950805664
1.4108548164367676
1.331324577331543
2.123974561691284
1.287538766860962
3.7840301990509033
1.967653751373291
1.409804344177246
1.5685796737670898
1.4107885360717773
1.6364672183990479
1.5173954963684082
1.9601962566375732
1.561518907546997
1.5653364658355713
1.77764892578125
4.652080535888672
1.4942302703857422
1.5774459838867188
1.5204439163208008
1.6182312965393066
1.633587121963501
1.5805847644805908
1.4295680522918701
1.4108858108520508
1.4467272758483887
1.4074938297271729
1.5695865154266357
1.490906000137329
1.3632721900939941
4.681596279144287
1.4657044410705566
1.4101104736328125
1.4162609577178955
1.5781364440917969
1.3782293796539307
1.398491621017456
1.4238524436950684
1.3583080768585205
1.5181336402893066
1.4098620414733887
1.3350157737731934
1.3791286945343018
1.7788333892822266
1.6075057983398438
1.3390376567840576
1.3659932613372803
5.59594202041626
1.4837801456451416
1.4678261280059814
1.4893534183502197
1.4371623992919922
1.468550682067871
1.9269843101501465
1.3902769088745117
1.428123950958252
1.393244743347168
1.4489951133728027
1.37874436378479
