n_40
1.7329113483428955
1.5762860774993896
1.4655072689056396
1.428255319595337
1.590494155883789
2.0516347885131836
1.6260149478912354
1.6213228702545166
1.220860481262207
1.8075425624847412
1.2663488388061523
1.2200324535369873
2.0970375537872314
1.250678539276123
1.2631464004516602
1.9344513416290283
1.3905599117279053
1.7243633270263672
1.2244994640350342
2.1563329696655273
1.3189094066619873
1.2759320735931396
1.3164665699005127
1.2821760177612305
2.312274694442749
1.4489452838897705
1.2977402210235596
1.2755205631256104
1.37638258934021
2.7314960956573486
1.5106849670410156
1.266038179397583
1.4841883182525635
1.2599756717681885
1.5303351879119873
1.4909684658050537
1.3299314975738525
2.9790773391723633
1.329305648803711
1.282684326171875
1.2562627792358398
1.6933190822601318
1.2890031337738037
1.3621768951416016
1.263204574584961
1.2655260562896729
3.2304444313049316
1.2625393867492676
1.3896265029907227
1.3008599281311035
1.293940782546997
1.2570104598999023
1.2652521133422852
1.2586109638214111
1.2887852191925049
1.2525548934936523
1.3336470127105713
3.8052728176116943
1.3585257530212402
1.8895323276519775
1.4528560638427734
1.2895557880401611
1.3680639266967773
1.343168020248413
1.6311171054840088
1.3577425479888916
1.3545184135437012
1.3436810970306396
1.2928311824798584
1.2769148349761963
1.4936370849609375
4.7360570430755615
1.4463255405426025
1.3716347217559814
1.5204861164093018
1.5141632556915283
1.388465166091919
1.3809094429016113
1.503713607788086
1.4733421802520752
1.7643322944641113
1.353818416595459
1.3679890632629395
1.4683785438537598
1.482508897781372
1.3709120750427246
1.646225929260254
1.3885340690612793
5.419361352920532
1.3871870040893555
2.728087902069092
1.410325288772583
1.386488914489746
1.6137142181396484
1.5156328678131104
1.4192209243774414
1.4160890579223633
1.5623459815979004
1.4327023029327393
1.4307725429534912
