n_30
1.7406632900238037
1.4853436946868896
1.4616453647613525
1.3491365909576416
1.5337884426116943
1.716667890548706
1.2731707096099854
1.774777889251709
1.4177424907684326
1.917565107345581
1.2437946796417236
1.7245423793792725
2.6659657955169678
1.399665117263794
1.2741742134094238
1.9840140342712402
1.2553153038024902
1.2244503498077393
1.2829065322875977
2.314988136291504
1.3172187805175781
1.336806297302246
1.2407159805297852
1.2587525844573975
2.5440423488616943
1.3019676208496094
1.2981188297271729
1.2792091369628906
1.4530491828918457
2.7905240058898926
1.4782257080078125
1.3225946426391602
1.8192002773284912
1.2582793235778809
1.292114496231079
1.3063726425170898
1.4047610759735107
2.9535129070281982
1.2538573741912842
1.3961751461029053
1.2985954284667969
1.4678804874420166
1.2935588359832764
1.3630049228668213
1.3074414730072021
1.5033676624298096
3.2843451499938965
1.257469654083252
1.3641958236694336
1.3556632995605469
1.3810174465179443
1.3077971935272217
1.400139570236206
1.2762196063995361
1.274200439453125
1.3073451519012451
1.2786729335784912
3.8824353218078613
1.6240055561065674
1.3523292541503906
1.4159390926361084
1.2611384391784668
1.3377363681793213
1.2693324089050293
1.351531982421875
1.6093785762786865
1.3651645183563232
1.2784643173217773
1.3123767375946045
1.3537518978118896
1.3752577304840088
4.567143678665161
1.2853267192840576
1.3324503898620605
1.360335111618042
1.2875468730926514
1.447256088256836
1.2949814796447754
1.3484714031219482
1.3221044540405273
1.4905953407287598
1.4427738189697266
1.5305960178375244
1.4075698852539062
1.4369986057281494
1.4681181907653809
1.4360949993133545
1.6837351322174072
5.5632641315460205
1.914809226989746
1.4177258014678955
1.573681116104126
1.7234022617340088
1.4826464653015137
1.5229506492614746
1.4858901500701904
1.5391175746917725
1.451528549194336
1.4545564651489258
1.6742832660675049
