n_80
1.842780590057373
1.5581421852111816
1.4220759868621826
1.470104694366455
1.464676856994629
1.5390770435333252
1.1153812408447266
1.6749935150146484
1.213449478149414
1.9684045314788818
1.2306339740753174
1.1608824729919434
1.7458767890930176
1.2562751770019531
1.1723103523254395
2.1184988021850586
1.225905418395996
1.2786612510681152
1.1912243366241455
2.1048195362091064
1.2254612445831299
1.222440242767334
1.294684886932373
1.3048286437988281
2.7228622436523438
1.2886676788330078
1.2700660228729248
1.276789903640747
1.2597951889038086
2.574594497680664
1.2758424282073975
1.445085048675537
1.2268500328063965
1.2255730628967285
1.2537896633148193
1.2413692474365234
1.2088537216186523
2.988422155380249
1.2423779964447021
1.2173900604248047
1.3479065895080566
1.4329042434692383
1.283681869506836
1.286731481552124
1.2550735473632812
1.3650503158569336
3.4695730209350586
1.497631549835205
1.287904977798462
1.3848249912261963
1.3859820365905762
1.3693797588348389
1.4383881092071533
1.2838568687438965
1.275432825088501
1.5801887512207031
1.3975026607513428
3.9589133262634277
1.382333755493164
1.390347957611084
1.3671982288360596
1.4145567417144775
1.5326035022735596
2.096550941467285
2.2794063091278076
1.9389207363128662
1.9011943340301514
1.6197192668914795
1.3753037452697754
1.335287094116211
1.4506688117980957
4.68479323387146
1.686476230621338
1.5254664421081543
1.4895944595336914
1.4732887744903564
1.3788034915924072
1.5427453517913818
1.3509488105773926
1.695490837097168
1.7477664947509766
1.3962421417236328
1.3927197456359863
1.4454689025878906
1.4682135581970215
1.4332573413848877
1.5866858959197998
1.7058782577514648
5.641200065612793
1.429309368133545
1.564910888671875
1.537832260131836
1.3944215774536133
1.6275639533996582
1.6525323390960693
1.4023635387420654
1.579099178314209
1.4542279243469238
1.3869385719299316
1.493058681488037
