n_200
3.4610097408294678
2.5059337615966797
2.2268824577331543
2.389683961868286
2.3903067111968994
2.3869788646698
1.8771095275878906
2.684357166290283
2.112912654876709
3.239856004714966
2.1069395542144775
2.155137777328491
3.1797943115234375
1.935706615447998
2.0451302528381348
3.343289375305176
2.1731038093566895
2.0500402450561523
2.1270835399627686
3.335688829421997
1.8568658828735352
2.562000036239624
1.8664486408233643
2.0461013317108154
4.0308473110198975
1.7954809665679932
1.798341989517212
2.0511579513549805
2.0627293586730957
3.817417621612549
1.9320294857025146
1.8861658573150635
1.8726632595062256
1.9175586700439453
2.030148983001709
2.146466016769409
2.1815600395202637
4.512159824371338
2.0856454372406006
2.193481922149658
2.0747249126434326
2.135148286819458
2.3119308948516846
2.06490159034729
1.8918273448944092
2.3843209743499756
4.1163201332092285
1.5279831886291504
1.4677441120147705
1.3618385791778564
1.379387378692627
1.5679564476013184
1.4318969249725342
1.4456653594970703
1.4386053085327148
1.4831833839416504
1.4483985900878906
4.007296323776245
1.3935015201568604
1.3549835681915283
1.4401521682739258
1.6729564666748047
1.439488172531128
1.5281708240509033
1.43039870262146
1.5422210693359375
1.4725666046142578
1.4081919193267822
1.5143485069274902
1.507401466369629
1.4178640842437744
4.379440546035767
1.3711011409759521
1.472477912902832
1.4544672966003418
1.5206172466278076
1.5554428100585938
1.4689948558807373
1.3954975605010986
1.6124324798583984
1.5457613468170166
1.4025020599365234
1.6894207000732422
1.5226256847381592
1.422435998916626
1.655275821685791
1.4674456119537354
1.5196266174316406
5.496114253997803
1.6351873874664307
1.4864087104797363
1.4439663887023926
1.548257827758789
1.6922557353973389
1.942145586013794
2.7154619693756104
3.177978038787842
3.4261209964752197
2.6768364906311035
1.994380235671997
