n_90
1.8562676906585693
1.416670322418213
1.3053004741668701
1.531310796737671
1.3831300735473633
1.4617724418640137
1.1987366676330566
1.6287353038787842
1.17039155960083
1.6888656616210938
1.1519215106964111
1.3620643615722656
1.828761339187622
1.362264633178711
1.1577365398406982
1.9852325916290283
1.172853946685791
1.1817028522491455
1.2592389583587646
2.149195671081543
1.320655345916748
1.3122076988220215
1.2337071895599365
1.506807804107666
2.5375490188598633
1.287492036819458
1.7407886981964111
1.2646148204803467
1.3331177234649658
2.7728397846221924
1.2111647129058838
1.2978734970092773
1.236546516418457
1.2852661609649658
1.2871150970458984
1.2717299461364746
1.3191938400268555
2.9493181705474854
1.842311143875122
1.31117844581604
1.2694926261901855
1.2607336044311523
1.206136703491211
1.225830078125
1.353672981262207
1.3367869853973389
3.3341424465179443
1.3234608173370361
1.2614195346832275
1.3245859146118164
1.3382318019866943
1.2691922187805176
1.3028948307037354
1.2740702629089355
1.4083995819091797
1.4061999320983887
1.2734653949737549
4.153442859649658
1.4631953239440918
1.4670495986938477
1.5532433986663818
1.3904383182525635
1.3491041660308838
1.3447926044464111
1.4317824840545654
1.533454418182373
1.429966926574707
1.2896170616149902
1.4688749313354492
1.3797857761383057
1.4292149543762207
5.042439699172974
1.708428144454956
1.28487229347229
1.482490062713623
1.338207721710205
1.32576322555542
1.334376573562622
1.5496211051940918
1.3531267642974854
1.494060754776001
1.3751792907714844
1.4930188655853271
1.4833850860595703
1.4848644733428955
1.4473860263824463
1.4844934940338135
1.3122334480285645
5.71752405166626
1.4437482357025146
1.3701038360595703
1.5809237957000732
1.5374939441680908
1.4106769561767578
1.4167377948760986
1.5172045230865479
1.5627241134643555
1.4070420265197754
1.4343101978302002
1.5828778743743896
