n_10
1.6464674472808838
1.6025667190551758
1.3334534168243408
1.403047800064087
1.522977590560913
1.7031760215759277
1.1618945598602295
1.8540961742401123
1.3204927444458008
1.8043789863586426
1.2941861152648926
1.724998950958252
2.086050510406494
1.2384006977081299
1.3557500839233398
2.0424294471740723
1.2935171127319336
1.3156647682189941
1.1851105690002441
2.290294885635376
2.246779441833496
1.3189513683319092
1.272690773010254
1.3126144409179688
2.728849411010742
1.2141716480255127
1.282287836074829
1.458611011505127
1.6991126537322998
2.817775249481201
1.3260746002197266
1.2768731117248535
1.2781848907470703
1.2179336547851562
1.2554564476013184
1.3668534755706787
1.4120240211486816
3.6640536785125732
1.2590053081512451
1.3345937728881836
1.3940575122833252
1.8173401355743408
1.2397735118865967
1.271625280380249
1.3251142501831055
1.271867036819458
3.4262566566467285
1.266995906829834
1.3298614025115967
1.2990162372589111
1.3260464668273926
1.2623569965362549
1.3783502578735352
1.436720609664917
1.3654935359954834
1.3466691970825195
1.2613158226013184
4.09589147567749
1.4258112907409668
1.486398458480835
1.3726038932800293
1.4422969818115234
1.4658076763153076
1.369504451751709
1.3065426349639893
1.3953661918640137
1.2931654453277588
1.3317947387695312
1.3893203735351562
1.4042870998382568
1.4058363437652588
4.745655536651611
1.4353899955749512
1.4623169898986816
1.6101925373077393
1.4912378787994385
1.4208276271820068
1.3530642986297607
1.8647751808166504
1.5773894786834717
1.8545067310333252
1.4041392803192139
1.4121475219726562
1.4125816822052002
1.395247459411621
1.405740737915039
1.3789913654327393
1.3272466659545898
5.432776927947998
1.414675235748291
1.3956894874572754
1.5246129035949707
1.4240727424621582
1.531984806060791
1.6071748733520508
1.4097485542297363
1.4548742771148682
1.4385645389556885
1.4729013442993164
1.5080437660217285
