n	qpu_t	find_embedding_t	FixedEmbedding_t	num_qubits	topology
7	1.1789095401763916	1.3402459621429443	0.0028336048126220703	215	zephyr
7	1.084054946899414	0.9291384220123291	0.0034067630767822266	226	zephyr
7	1.4676923751831055	1.5652570724487305	0.003922224044799805	213	zephyr
7	1.2454652786254883	0.9631683826446533	0.003832578659057617	229	zephyr
7	1.1739437580108643	1.0116219520568848	0.00368499755859375	226	zephyr
7	1.1717321872711182	0.7232489585876465	0.0037615299224853516	227	zephyr
7	1.3662335872650146	1.5576469898223877	0.004107236862182617	213	zephyr
7	1.2946507930755615	1.1356711387634277	0.0044710636138916016	210	zephyr
7	1.0282135009765625	0.800163745880127	0.004714012145996094	234	zephyr
7	0.9687998294830322	0.6490566730499268	0.0059528350830078125	232	zephyr
7	1.2808010578155518	1.0286169052124023	0.0038259029388427734	225	zephyr
7	1.0434455871582031	1.4414536952972412	0.003878355026245117	212	zephyr
7	1.4811339378356934	0.8555917739868164	0.004045963287353516	218	zephyr
7	1.8916525840759277	0.7790038585662842	0.0042111873626708984	218	zephyr
7	1.2050108909606934	1.2170467376708984	0.003526926040649414	215	zephyr
7	1.3479111194610596	0.8118300437927246	0.004303455352783203	217	zephyr
7	1.6395370960235596	1.1819915771484375	0.00345611572265625	215	zephyr
7	1.2027831077575684	1.0406887531280518	0.0040073394775390625	221	zephyr
7	1.047598123550415	1.0259158611297607	0.003885507583618164	223	zephyr
7	0.9503629207611084	0.5963554382324219	0.00403285026550293	230	zephyr
7	1.6450364589691162	0.9952068328857422	0.003763437271118164	216	zephyr
7	1.6370291709899902	1.0894238948822021	0.004511117935180664	223	zephyr
7	0.9633443355560303	1.124413251876831	0.004281520843505859	221	zephyr
7	0.994537353515625	0.7603981494903564	0.0036797523498535156	234	zephyr
7	1.0551517009735107	1.5313224792480469	0.004697322845458984	206	zephyr
7	1.6609628200531006	0.6906239986419678	0.003999471664428711	226	zephyr
7	1.1343662738800049	0.6653156280517578	0.003934144973754883	224	zephyr
7	1.5772006511688232	0.9643735885620117	0.003743886947631836	214	zephyr
7	0.9821054935455322	1.1037929058074951	0.003869295120239258	216	zephyr
7	0.9550261497497559	1.6256635189056396	0.003970146179199219	215	zephyr
7	1.1313300132751465	0.9654526710510254	0.0038068294525146484	227	zephyr
7	1.1152851581573486	1.5230886936187744	0.003854513168334961	207	zephyr
7	1.741868257522583	1.1629993915557861	0.00586247444152832	215	zephyr
7	1.978191614151001	0.9476501941680908	0.003658771514892578	228	zephyr
7	1.638352394104004	0.3771078586578369	0.004575252532958984	244	zephyr
7	0.9686191082000732	1.310689926147461	0.004639625549316406	212	zephyr
7	1.085869312286377	0.7759857177734375	0.0047643184661865234	223	zephyr
7	1.5681753158569336	0.4741933345794678	0.004614830017089844	229	zephyr
7	1.044862985610962	1.5233337879180908	0.0046155452728271484	209	zephyr
7	1.3811943531036377	1.1898658275604248	0.9886617660522461	221	zephyr
7	1.096848964691162	1.2414205074310303	0.003807544708251953	212	zephyr
7	0.995471715927124	0.7344377040863037	0.004638671875	224	zephyr
7	1.374119520187378	0.8269708156585693	0.0038404464721679688	203	zephyr
7	0.9816310405731201	0.834383487701416	0.004740715026855469	222	zephyr
7	1.297206163406372	1.1109576225280762	0.0047607421875	207	zephyr
7	1.1256206035614014	1.3150007724761963	0.004545688629150391	204	zephyr
7	1.1150970458984375	1.0752010345458984	0.004884004592895508	216	zephyr
7	1.11342191696167	0.7188279628753662	0.003898143768310547	230	zephyr
7	1.141127586364746	0.8822743892669678	0.003957986831665039	222	zephyr
7	2.470384120941162	0.8146884441375732	0.004672527313232422	216	zephyr
7	0.9690701961517334	0.8651163578033447	0.004725933074951172	233	zephyr
7	1.099287509918213	0.9872262477874756	0.004866123199462891	210	zephyr
7	1.1463327407836914	0.5836560726165771	0.0046749114990234375	231	zephyr
7	0.9877431392669678	0.8170247077941895	0.00482177734375	223	zephyr
7	1.1032814979553223	1.4905388355255127	0.0048787593841552734	206	zephyr
7	0.9741883277893066	0.8780333995819092	0.004746198654174805	232	zephyr
7	1.0569579601287842	0.6477828025817871	0.0047991275787353516	236	zephyr
7	1.0534710884094238	0.5171229839324951	0.004782199859619141	233	zephyr
7	1.1329965591430664	1.0820074081420898	0.004174947738647461	220	zephyr
7	1.0765163898468018	1.1959285736083984	0.004975795745849609	213	zephyr
7	1.3895773887634277	1.3043742179870605	0.004723072052001953	196	zephyr
7	1.204803466796875	1.7273387908935547	0.0038819313049316406	217	zephyr
7	2.5414178371429443	1.5224995613098145	0.0031366348266601562	206	zephyr
7	1.0848455429077148	1.6140108108520508	0.003846883773803711	212	zephyr
7	1.138378381729126	1.206017255783081	0.003803730010986328	214	zephyr
7	1.0771167278289795	0.7984180450439453	0.0039577484130859375	229	zephyr
7	0.9914507865905762	1.5623853206634521	0.003868579864501953	211	zephyr
7	0.986891508102417	0.7646918296813965	0.0043637752532958984	223	zephyr
7	1.4913272857666016	0.7231411933898926	0.0042459964752197266	226	zephyr
7	1.1631555557250977	1.1607275009155273	0.004235982894897461	214	zephyr
7	1.0194134712219238	0.908505916595459	0.004388332366943359	235	zephyr
7	1.0095560550689697	0.7508037090301514	0.004628181457519531	228	zephyr
7	1.0426816940307617	1.2659873962402344	0.004746913909912109	216	zephyr
7	1.0000624656677246	0.7215747833251953	0.00401616096496582	225	zephyr
7	1.0122449398040771	0.6603450775146484	0.004728794097900391	224	zephyr
7	1.0631701946258545	0.9819316864013672	0.004961252212524414	234	zephyr
7	1.0101220607757568	1.6051394939422607	0.004748821258544922	214	zephyr
7	3.0713350772857666	1.2232415676116943	0.0037314891815185547	213	zephyr
7	1.0485105514526367	0.8367657661437988	0.0038847923278808594	226	zephyr
7	1.0701549053192139	0.7162771224975586	0.003835916519165039	221	zephyr
7	1.0257585048675537	0.7384927272796631	0.003980875015258789	233	zephyr
7	1.0774562358856201	1.543994426727295	0.004052400588989258	209	zephyr
7	1.1673188209533691	1.4384067058563232	0.004192352294921875	207	zephyr
7	1.0569252967834473	0.7078723907470703	0.0037927627563476562	226	zephyr
7	1.0970957279205322	0.8504605293273926	0.004688739776611328	222	zephyr
7	1.1841843128204346	1.207387924194336	0.004275083541870117	224	zephyr
7	1.0248441696166992	0.6579556465148926	0.0045049190521240234	223	zephyr
7	1.382664442062378	1.5663633346557617	0.004706382751464844	224	zephyr
7	1.008286476135254	0.8564846515655518	0.00539708137512207	227	zephyr
7	1.0190045833587646	1.7071499824523926	0.004624605178833008	202	zephyr
7	1.1054062843322754	0.7969770431518555	0.0046176910400390625	217	zephyr
7	1.0853633880615234	0.6421792507171631	0.004777193069458008	219	zephyr
7	1.0813953876495361	1.3232333660125732	0.004585981369018555	209	zephyr
7	1.1201531887054443	0.8069455623626709	0.004621744155883789	220	zephyr
7	1.1018755435943604	0.7787322998046875	0.004595041275024414	225	zephyr
7	1.0754821300506592	1.4707462787628174	0.004688739776611328	213	zephyr
7	3.376321792602539	0.5743539333343506	0.003136157989501953	228	zephyr
7	1.0106534957885742	0.8043169975280762	0.003844022750854492	223	zephyr
7	1.095268964767456	0.5105180740356445	0.0038137435913085938	233	zephyr
7	1.0989665985107422	1.0032455921173096	0.003779888153076172	217	zephyr