n	qpu_t	find_embedding_t	FixedEmbedding_t	num_qubits	topology
5	1.0530052185058594	0.23381280899047852	0.0022330284118652344	62	zephyr
5	1.2596232891082764	0.23063039779663086	0.0027685165405273438	57	zephyr
5	1.2587049007415771	0.34552574157714844	0.004006862640380859	60	zephyr
5	1.1907269954681396	0.20347142219543457	0.002802610397338867	62	zephyr
5	1.1051485538482666	0.15570402145385742	0.002897500991821289	61	zephyr
5	0.9857211112976074	0.1647167205810547	0.002748727798461914	63	zephyr
5	1.2272140979766846	0.18758392333984375	0.0028929710388183594	60	zephyr
5	1.074167013168335	0.2384650707244873	0.0027992725372314453	64	zephyr
5	1.3442788124084473	0.25609731674194336	0.002936840057373047	60	zephyr
5	1.0091946125030518	0.16580843925476074	0.0028383731842041016	59	zephyr
5	1.564955472946167	0.1246035099029541	0.0025386810302734375	59	zephyr
5	1.06032395362854	0.17981529235839844	0.0025987625122070312	58	zephyr
5	1.8844680786132812	0.31763625144958496	0.002848386764526367	60	zephyr
5	1.3289210796356201	0.29160547256469727	0.0034372806549072266	60	zephyr
5	1.0898094177246094	0.16159510612487793	0.0035963058471679688	61	zephyr
5	0.958808183670044	0.13082027435302734	0.002765655517578125	59	zephyr
5	2.1148595809936523	0.34652209281921387	0.002830982208251953	61	zephyr
5	1.353675365447998	0.15968680381774902	0.0031392574310302734	63	zephyr
5	1.2776460647583008	0.2373359203338623	0.0030133724212646484	60	zephyr
5	1.0893878936767578	0.18599891662597656	0.0028188228607177734	66	zephyr
5	1.0359890460968018	0.19969797134399414	0.002804994583129883	58	zephyr
5	1.6609623432159424	0.1685035228729248	0.002969980239868164	57	zephyr
5	0.9786548614501953	0.19447970390319824	0.002590656280517578	65	zephyr
5	1.0409314632415771	0.23244452476501465	0.0029561519622802734	61	zephyr
5	0.9995534420013428	0.1961684226989746	0.002829313278198242	62	zephyr
5	1.0536181926727295	0.2649726867675781	0.0027980804443359375	60	zephyr
5	2.1107730865478516	0.2529745101928711	0.0023136138916015625	59	zephyr
5	1.6156151294708252	0.21183300018310547	0.00279998779296875	58	zephyr
5	1.0026991367340088	0.324188232421875	0.0029807090759277344	57	zephyr
5	1.3807165622711182	0.3277268409729004	0.002860546112060547	59	zephyr
5	2.226973533630371	0.11754035949707031	0.002831697463989258	63	zephyr
5	1.696566104888916	0.2847099304199219	0.003004312515258789	62	zephyr
5	1.5142383575439453	0.2093970775604248	0.0027780532836914062	59	zephyr
5	1.783381700515747	0.13350534439086914	0.002816915512084961	59	zephyr
5	1.4105215072631836	0.2594032287597656	0.0031347274780273438	60	zephyr
5	1.0297706127166748	0.249755859375	0.0029113292694091797	60	zephyr
5	1.30159330368042	0.3018605709075928	0.003748178482055664	57	zephyr
5	1.1561336517333984	0.1482524871826172	0.003067493438720703	61	zephyr
5	1.637962818145752	0.25890135765075684	0.0023162364959716797	60	zephyr
5	1.1659860610961914	0.1971886157989502	0.0028493404388427734	58	zephyr
5	1.1489462852478027	0.32137632369995117	0.0022635459899902344	57	zephyr
5	2.0182275772094727	0.21810364723205566	0.0031845569610595703	60	zephyr
5	1.1021380424499512	0.2693047523498535	0.0030562877655029297	61	zephyr
5	1.4258649349212646	0.24109864234924316	0.003328084945678711	60	zephyr
5	1.1620802879333496	0.29071617126464844	0.002330780029296875	58	zephyr
5	1.7823445796966553	0.3309037685394287	0.003730297088623047	59	zephyr
5	0.9868979454040527	0.2118995189666748	0.0032105445861816406	60	zephyr
5	1.1044106483459473	0.3493068218231201	0.0028247833251953125	58	zephyr
5	0.9932026863098145	0.26114630699157715	0.003002643585205078	62	zephyr
5	0.9792399406433105	0.39402103424072266	0.002832651138305664	62	zephyr
5	1.1114392280578613	0.1971118450164795	0.0022656917572021484	60	zephyr
5	2.3681833744049072	0.25397729873657227	0.002730131149291992	61	zephyr
5	0.9717679023742676	0.17949414253234863	0.0024862289428710938	59	zephyr
5	1.088336706161499	0.15476465225219727	0.0029473304748535156	61	zephyr
5	1.644209623336792	0.18772053718566895	0.0027365684509277344	58	zephyr
5	1.2080354690551758	0.3871726989746094	0.0027921199798583984	56	zephyr
5	1.039574384689331	0.3025641441345215	0.00292205810546875	58	zephyr
5	1.553192138671875	0.35023951530456543	0.0022394657135009766	60	zephyr
5	1.3438684940338135	0.24420857429504395	0.002954244613647461	61	zephyr
5	1.2016963958740234	0.22689318656921387	0.0023746490478515625	61	zephyr
5	1.5514717102050781	0.41474175453186035	0.0029082298278808594	59	zephyr
5	1.7668921947479248	0.13405871391296387	0.002427816390991211	60	zephyr
5	1.0441646575927734	0.1541283130645752	0.0022919178009033203	59	zephyr
5	0.9910590648651123	0.3953254222869873	0.0029294490814208984	58	zephyr
5	2.666717529296875	0.1667625904083252	0.003002643585205078	61	zephyr
5	1.1202821731567383	0.17964410781860352	0.002937793731689453	65	zephyr
5	0.9936881065368652	0.18619012832641602	0.0028569698333740234	62	zephyr
5	1.4519288539886475	0.16268706321716309	0.002992868423461914	59	zephyr
5	1.1464333534240723	0.41489648818969727	0.003052234649658203	59	zephyr
5	1.1510567665100098	0.21820545196533203	0.0022475719451904297	58	zephyr
5	1.0335516929626465	0.33870697021484375	0.0027925968170166016	57	zephyr
5	1.4670724868774414	0.3318026065826416	0.002254486083984375	58	zephyr
5	0.9818952083587646	0.1562650203704834	0.002237558364868164	61	zephyr
5	1.3168277740478516	0.22789978981018066	0.0028314590454101562	60	zephyr
5	1.1405656337738037	0.15796399116516113	0.002286195755004883	63	zephyr
5	1.1255226135253906	0.26787877082824707	0.0028579235076904297	60	zephyr
5	1.4951891899108887	0.21693897247314453	0.0030286312103271484	62	zephyr
5	1.067805528640747	0.28516578674316406	0.002944469451904297	63	zephyr
5	1.021547794342041	0.3640766143798828	0.0029447078704833984	58	zephyr
5	1.1214520931243896	0.13132500648498535	0.003324747085571289	62	zephyr
5	1.0201716423034668	0.15136384963989258	0.0022563934326171875	58	zephyr
5	3.291499137878418	0.23796391487121582	0.004343748092651367	62	zephyr
5	1.0058791637420654	0.13220739364624023	0.0028929710388183594	66	zephyr
5	1.1386501789093018	0.163543701171875	0.0024437904357910156	58	zephyr
5	1.1125061511993408	0.3358116149902344	0.0029578208923339844	58	zephyr
5	1.1358604431152344	0.1623687744140625	0.0030863285064697266	60	zephyr
5	1.0801222324371338	0.28086352348327637	0.0029532909393310547	58	zephyr
5	1.0745463371276855	0.25612425804138184	0.0022878646850585938	63	zephyr
5	0.9989659786224365	0.20268583297729492	0.0023796558380126953	59	zephyr
5	1.074390172958374	0.22639894485473633	0.002294778823852539	60	zephyr
5	1.104595422744751	0.24494457244873047	0.0022487640380859375	57	zephyr
5	1.1513662338256836	0.2243189811706543	0.002256155014038086	61	zephyr
5	1.049893856048584	0.32780909538269043	0.0025527477264404297	59	zephyr
5	1.0030248165130615	0.2786426544189453	0.0029172897338867188	59	zephyr
5	1.3266613483428955	0.2633092403411865	0.002393484115600586	60	zephyr
5	1.0438642501831055	0.23194098472595215	0.002860546112060547	59	zephyr
5	1.1107361316680908	0.21045184135437012	0.003742218017578125	63	zephyr
5	1.0112221240997314	0.2668743133544922	0.002785205841064453	60	zephyr
5	1.0054001808166504	0.11273050308227539	0.0023643970489501953	59	zephyr
5	1.0028305053710938	0.2943880558013916	0.0022945404052734375	61	zephyr
