     0  1  2  3  4  5  6  7  8  9 10 11 12 13 14 15 ... 1599 energy num_oc. ...
263  0  1  0  0  0  0  0  0  0  0  0  0  0  0  0  0 ...    0  -66.0       1 ...
503  1  0  0  0  0  0  0  0  0  0  0  0  0  0  0  0 ...    0  -66.0       1 ...
757  1  0  0  0  0  0  0  0  0  0  0  0  0  0  0  0 ...    0  -66.0       1 ...
803  1  0  0  0  0  0  0  0  0  0  0  0  0  0  0  0 ...    0  -66.0       1 ...
1    0  1  0  0  0  0  0  0  0  0  0  0  0  0  0  0 ...    0  -64.0       1 ...
10   1  0  0  0  0  0  0  0  0  0  0  0  0  0  0  0 ...    0  -64.0       1 ...
18   1  0  0  0  0  0  0  0  0  0  0  0  0  0  0  0 ...    0  -64.0       1 ...
22   0  1  0  0  0  0  0  0  0  0  0  0  0  0  0  0 ...    0  -64.0       1 ...
32   1  0  0  0  0  0  0  0  0  0  0  0  0  0  0  0 ...    0  -64.0       1 ...
48   1  0  0  0  0  0  0  0  0  0  0  0  0  0  0  0 ...    0  -64.0       1 ...
79   1  0  0  0  0  0  0  0  0  0  0  0  0  0  0  0 ...    0  -64.0       1 ...
82   0  1  0  0  0  0  0  0  0  0  0  0  0  0  0  0 ...    0  -64.0       1 ...
91   0  1  0  0  0  0  0  0  0  0  0  0  0  0  0  0 ...    0  -64.0       1 ...
97   1  0  0  0  0  0  0  0  0  0  0  0  0  0  0  0 ...    0  -64.0       1 ...
120  0  1  0  0  0  0  0  0  0  0  0  0  0  0  0  0 ...    0  -64.0       1 ...
121  0  1  0  0  0  0  0  0  0  0  0  0  0  0  0  0 ...    1  -64.0       1 ...
133  0  1  0  0  0  0  0  0  0  0  0  0  0  0  0  0 ...    0  -64.0       1 ...
155  1  0  0  0  0  0  0  0  0  0  0  0  0  0  0  0 ...    0  -64.0       1 ...
161  1  0  0  0  0  0  0  0  0  0  0  0  0  0  0  0 ...    0  -64.0       1 ...
163  0  1  0  0  0  0  0  0  0  0  0  0  0  0  0  0 ...    0  -64.0       1 ...
165  0  1  0  0  0  0  0  0  0  0  0  0  0  0  0  0 ...    0  -64.0       1 ...
167  1  0  0  0  0  0  0  0  0  0  0  0  0  0  0  0 ...    0  -64.0       1 ...
179  0  1  0  0  0  0  0  0  0  0  0  0  0  0  0  0 ...    1  -64.0       1 ...
183  1  0  0  0  0  0  0  0  0  0  0  0  0  0  0  0 ...    0  -64.0       1 ...
192  0  1  0  0  0  0  0  0  0  0  0  0  0  0  0  0 ...    0  -64.0       1 ...
196  1  0  0  0  0  0  0  0  0  0  0  0  0  0  0  0 ...    0  -64.0       1 ...
200  0  1  0  0  0  0  0  0  0  0  0  0  0  0  0  0 ...    0  -64.0       1 ...
211  0  1  0  0  0  0  0  0  0  0  0  0  0  0  0  0 ...    0  -64.0       1 ...
212  1  0  0  0  0  0  0  0  0  0  0  0  0  0  0  0 ...    0  -64.0       1 ...
224  0  1  0  0  0  0  0  0  0  0  0  0  0  0  0  0 ...    0  -64.0       1 ...
234  0  1  0  0  0  0  0  0  0  0  0  0  0  0  0  0 ...    0  -64.0       1 ...
269  0  1  0  0  0  0  0  0  0  0  0  0  0  0  0  0 ...    0  -64.0       1 ...
271  1  0  0  0  0  0  0  0  0  0  0  0  0  0  0  0 ...    0  -64.0       1 ...
307  0  1  0  0  0  0  0  0  0  0  0  0  0  0  0  0 ...    1  -64.0       1 ...
311  0  1  0  0  0  0  0  0  0  0  0  0  0  0  0  0 ...    0  -64.0       1 ...
316  1  0  0  0  0  0  0  0  0  0  0  0  0  0  0  0 ...    0  -64.0       1 ...
361  0  1  0  0  0  0  0  0  0  0  0  0  0  0  0  0 ...    0  -64.0       1 ...
367  0  0  1  0  0  0  0  0  0  0  0  0  0  0  0  0 ...    0  -64.0       1 ...
401  0  0  1  0  0  0  0  0  0  0  0  0  0  0  0  0 ...    1  -64.0       1 ...
427  1  0  0  0  0  0  0  0  0  0  0  0  0  0  0  0 ...    0  -64.0       1 ...
429  1  0  0  0  0  0  0  0  0  0  0  0  0  0  0  0 ...    0  -64.0       1 ...
455  1  0  0  0  0  0  0  0  0  0  0  0  0  0  0  0 ...    0  -64.0       1 ...
466  1  0  0  0  0  0  0  0  0  0  0  0  0  0  0  0 ...    0  -64.0       1 ...
482  0  0  1  0  0  0  0  0  0  0  0  0  0  0  0  0 ...    0  -64.0       1 ...
500  1  0  0  0  0  0  0  0  0  0  0  0  0  0  0  0 ...    0  -64.0       1 ...
513  0  1  0  0  0  0  0  0  0  0  0  0  0  0  0  0 ...    0  -64.0       1 ...
528  0  1  0  0  0  0  0  0  0  0  0  0  0  0  0  0 ...    1  -64.0       1 ...
535  0  1  0  0  0  0  0  0  0  0  0  0  0  0  0  0 ...    0  -64.0       1 ...
547  0  1  0  0  0  0  0  0  0  0  0  0  0  0  0  0 ...    0  -64.0       1 ...
562  1  0  0  0  0  0  0  0  0  0  0  0  0  0  0  0 ...    0  -64.0       1 ...
579  1  0  0  0  0  0  0  0  0  0  0  0  0  0  0  0 ...    0  -64.0       1 ...
582  1  0  0  0  0  0  0  0  0  0  0  0  0  0  0  0 ...    0  -64.0       1 ...
593  0  1  0  0  0  0  0  0  0  0  0  0  0  0  0  0 ...    0  -64.0       1 ...
597  0  1  0  0  0  0  0  0  0  0  0  0  0  0  0  0 ...    0  -64.0       1 ...
601  0  1  0  0  0  0  0  0  0  0  0  0  0  0  0  0 ...    0  -64.0       1 ...
608  1  0  0  0  0  0  0  0  0  0  0  0  0  0  0  0 ...    0  -64.0       1 ...
642  1  0  0  0  0  0  0  0  0  0  0  0  0  0  0  0 ...    0  -64.0       1 ...
654  0  1  0  0  0  0  0  0  0  0  0  0  0  0  0  0 ...    0  -64.0       1 ...
672  0  1  0  0  0  0  0  0  0  0  0  0  0  0  0  0 ...    0  -64.0       1 ...
680  0  1  0  0  0  0  0  0  0  0  0  0  0  0  0  0 ...    0  -64.0       1 ...
698  0  1  0  0  0  0  0  0  0  0  0  0  0  0  0  0 ...    0  -64.0       1 ...
699  0  1  0  0  0  0  0  0  0  0  0  0  0  0  0  0 ...    0  -64.0       1 ...
702  0  1  0  0  0  0  0  0  0  0  0  0  0  0  0  0 ...    0  -64.0       1 ...
704  0  1  0  0  0  0  0  0  0  0  0  0  0  0  0  0 ...    0  -64.0       1 ...
707  1  0  0  0  0  0  0  0  0  0  0  0  0  0  0  0 ...    0  -64.0       1 ...
713  0  1  0  0  0  0  0  0  0  0  0  0  0  0  0  0 ...    0  -64.0       1 ...
733  0  1  0  0  0  0  0  0  0  0  0  0  0  0  0  0 ...    0  -64.0       1 ...
740  0  0  1  0  0  0  0  0  0  0  0  0  0  0  0  0 ...    1  -64.0       1 ...
747  0  1  0  0  0  0  0  0  0  0  0  0  0  0  0  0 ...    0  -64.0       1 ...
774  0  1  0  0  0  0  0  0  0  0  0  0  0  0  0  0 ...    0  -64.0       1 ...
775  0  1  0  0  0  0  0  0  0  0  0  0  0  0  0  0 ...    0  -64.0       1 ...
778  1  0  0  0  0  0  0  0  0  0  0  0  0  0  0  0 ...    0  -64.0       1 ...
788  0  1  0  0  0  0  0  0  0  0  0  0  0  0  0  0 ...    0  -64.0       1 ...
794  0  1  0  0  0  0  0  0  0  0  0  0  0  0  0  0 ...    0  -64.0       1 ...
800  0  1  0  0  0  0  0  0  0  0  0  0  0  0  0  0 ...    0  -64.0       1 ...
805  1  0  0  0  0  0  0  0  0  0  0  0  0  0  0  0 ...    0  -64.0       1 ...
806  1  0  0  0  0  0  0  0  0  0  0  0  0  0  0  0 ...    0  -64.0       1 ...
835  0  1  0  0  0  0  0  0  0  0  0  0  0  0  0  0 ...    0  -64.0       1 ...
844  1  0  0  0  0  0  0  0  0  0  0  0  0  0  0  0 ...    0  -64.0       1 ...
845  0  1  0  0  0  0  0  0  0  0  0  0  0  0  0  0 ...    0  -64.0       1 ...
846  1  0  0  0  0  0  0  0  0  0  0  0  0  0  0  0 ...    0  -64.0       1 ...
853  0  1  0  0  0  0  0  0  0  0  0  0  0  0  0  0 ...    0  -64.0       1 ...
865  0  1  0  0  0  0  0  0  0  0  0  0  0  0  0  0 ...    0  -64.0       1 ...
866  0  1  0  0  0  0  0  0  0  0  0  0  0  0  0  0 ...    0  -64.0       1 ...
867  0  1  0  0  0  0  0  0  0  0  0  0  0  0  0  0 ...    0  -64.0       1 ...
897  1  0  0  0  0  0  0  0  0  0  0  0  0  0  0  0 ...    0  -64.0       1 ...
904  0  1  0  0  0  0  0  0  0  0  0  0  0  0  0  0 ...    0  -64.0       1 ...
924  1  0  0  0  0  0  0  0  0  0  0  0  0  0  0  0 ...    0  -64.0       1 ...
935  1  0  0  0  0  0  0  0  0  0  0  0  0  0  0  0 ...    0  -64.0       1 ...
941  0  1  0  0  0  0  0  0  0  0  0  0  0  0  0  0 ...    0  -64.0       1 ...
943  0  1  0  0  0  0  0  0  0  0  0  0  0  0  0  0 ...    0  -64.0       1 ...
944  0  0  1  0  0  0  0  0  0  0  0  0  0  0  0  0 ...    1  -64.0       1 ...
947  0  1  0  0  0  0  0  0  0  0  0  0  0  0  0  0 ...    0  -64.0       1 ...
0    1  0  0  0  0  0  0  0  0  0  0  0  0  0  0  0 ...    0  -62.0       1 ...
4    1  0  0  0  0  0  0  0  0  0  0  0  0  0  0  0 ...    0  -62.0       1 ...
5    1  0  0  0  0  0  0  0  0  0  0  0  0  0  0  0 ...    0  -62.0       1 ...
8    1  0  0  0  0  0  0  0  0  0  0  0  0  0  0  0 ...    0  -62.0       1 ...
9    1  0  0  0  0  0  0  0  0  0  0  0  0  0  0  0 ...    0  -62.0       1 ...
11   0  1  0  0  0  0  0  0  0  0  0  0  0  0  0  0 ...    1  -62.0       1 ...
12   1  0  0  0  0  0  0  0  0  0  0  0  0  0  0  0 ...    0  -62.0       1 ...
14   0  1  0  0  0  0  0  0  0  0  0  0  0  0  0  0 ...    1  -62.0       1 ...
15   0  1  0  0  0  0  0  0  0  0  0  0  0  0  0  0 ...    0  -62.0       1 ...
16   0  1  0  0  0  0  0  0  0  0  0  0  0  0  0  0 ...    1  -62.0       1 ...
17   0  1  0  0  0  0  0  0  0  0  0  0  0  0  0  0 ...    0  -62.0       1 ...
20   1  0  0  0  0  0  0  0  0  0  0  0  0  0  0  0 ...    0  -62.0       1 ...
21   1  0  0  0  0  0  0  0  0  0  0  0  0  0  0  0 ...    0  -62.0       1 ...
23   0  1  0  0  0  0  0  0  0  0  0  0  0  0  0  0 ...    1  -62.0       1 ...
24   0  0  1  0  0  0  0  0  0  0  0  0  0  0  0  0 ...    0  -62.0       1 ...
25   0  1  0  0  0  0  0  0  0  0  0  0  0  0  0  0 ...    1  -62.0       1 ...
26   0  1  0  0  0  0  0  0  0  0  0  0  0  0  0  0 ...    1  -62.0       1 ...
27   0  1  0  0  0  0  0  0  0  0  0  0  0  0  0  0 ...    0  -62.0       1 ...
28   1  0  0  0  0  0  0  0  0  0  0  0  0  0  0  0 ...    0  -62.0       1 ...
29   1  0  0  0  0  0  0  0  0  0  0  0  0  0  0  0 ...    0  -62.0       1 ...
30   1  0  0  0  0  0  0  0  0  0  0  0  0  0  0  0 ...    0  -62.0       1 ...
33   1  0  0  0  0  0  0  0  0  0  0  0  0  0  0  0 ...    0  -62.0       1 ...
34   0  0  1  0  0  0  0  0  0  0  0  0  0  0  0  0 ...    1  -62.0       1 ...
36   1  0  0  0  0  0  0  0  0  0  0  0  0  0  0  0 ...    0  -62.0       1 ...
37   1  0  0  0  0  0  0  0  0  0  0  0  0  0  0  0 ...    0  -62.0       1 ...
40   1  0  0  0  0  0  0  0  0  0  0  0  0  0  0  0 ...    0  -62.0       1 ...
42   1  0  0  0  0  0  0  0  0  0  0  0  0  0  0  0 ...    0  -62.0       1 ...
43   1  0  0  0  0  0  0  0  0  0  0  0  0  0  0  0 ...    0  -62.0       1 ...
44   0  1  0  0  0  0  0  0  0  0  0  0  0  0  0  0 ...    1  -62.0       1 ...
45   1  0  0  0  0  0  0  0  0  0  0  0  0  0  0  0 ...    0  -62.0       1 ...
49   1  0  0  0  0  0  0  0  0  0  0  0  0  0  0  0 ...    0  -62.0       1 ...
50   1  0  0  0  0  0  0  0  0  0  0  0  0  0  0  0 ...    0  -62.0       1 ...
52   1  0  0  0  0  0  0  0  0  0  0  0  0  0  0  0 ...    0  -62.0       1 ...
55   0  1  0  0  0  0  0  0  0  0  0  0  0  0  0  0 ...    0  -62.0       1 ...
56   0  0  1  0  0  0  0  0  0  0  0  0  0  0  0  0 ...    0  -62.0       1 ...
57   1  0  0  0  0  0  0  0  0  0  0  0  0  0  0  0 ...    0  -62.0       1 ...
58   1  0  0  0  0  0  0  0  0  0  0  0  0  0  0  0 ...    0  -62.0       1 ...
59   1  0  0  0  0  0  0  0  0  0  0  0  0  0  0  0 ...    0  -62.0       1 ...
60   1  0  0  0  0  0  0  0  0  0  0  0  0  0  0  0 ...    0  -62.0       1 ...
64   0  1  0  0  0  0  0  0  0  0  0  0  0  0  0  0 ...    1  -62.0       1 ...
65   1  0  0  0  0  0  0  0  0  0  0  0  0  0  0  0 ...    0  -62.0       1 ...
66   1  0  0  0  0  0  0  0  0  0  0  0  0  0  0  0 ...    0  -62.0       1 ...
68   0  1  0  0  0  0  0  0  0  0  0  0  0  0  0  0 ...    1  -62.0       1 ...
69   1  0  0  0  0  0  0  0  0  0  0  0  0  0  0  0 ...    0  -62.0       1 ...
70   0  1  0  0  0  0  0  0  0  0  0  0  0  0  0  0 ...    0  -62.0       1 ...
72   0  1  0  0  0  0  0  0  0  0  0  0  0  0  0  0 ...    1  -62.0       1 ...
73   1  0  0  0  0  0  0  0  0  0  0  0  0  0  0  0 ...    0  -62.0       1 ...
74   1  0  0  0  0  0  0  0  0  0  0  0  0  0  0  0 ...    0  -62.0       1 ...
75   1  0  0  0  0  0  0  0  0  0  0  0  0  0  0  0 ...    0  -62.0       1 ...
77   1  0  0  0  0  0  0  0  0  0  0  0  0  0  0  0 ...    0  -62.0       1 ...
78   1  0  0  0  0  0  0  0  0  0  0  0  0  0  0  0 ...    0  -62.0       1 ...
81   1  0  0  0  0  0  0  0  0  0  0  0  0  0  0  0 ...    0  -62.0       1 ...
83   1  0  0  0  0  0  0  0  0  0  0  0  0  0  0  0 ...    0  -62.0       1 ...
86   0  1  0  0  0  0  0  0  0  0  0  0  0  0  0  0 ...    1  -62.0       1 ...
87   1  0  0  0  0  0  0  0  0  0  0  0  0  0  0  0 ...    0  -62.0       1 ...
89   1  0  0  0  0  0  0  0  0  0  0  0  0  0  0  0 ...    0  -62.0       1 ...
92   1  0  0  0  0  0  0  0  0  0  0  0  0  0  0  0 ...    0  -62.0       1 ...
93   1  0  0  0  0  0  0  0  0  0  0  0  0  0  0  0 ...    0  -62.0       1 ...
94   1  0  0  0  0  0  0  0  0  0  0  0  0  0  0  0 ...    0  -62.0       1 ...
95   0  1  0  0  0  0  0  0  0  0  0  0  0  0  0  0 ...    1  -62.0       1 ...
96   0  1  0  0  0  0  0  0  0  0  0  0  0  0  0  0 ...    1  -62.0       1 ...
99   1  0  0  0  0  0  0  0  0  0  0  0  0  0  0  0 ...    0  -62.0       1 ...
101  1  0  0  0  0  0  0  0  0  0  0  0  0  0  0  0 ...    0  -62.0       1 ...
102  1  0  0  0  0  0  0  0  0  0  0  0  0  0  0  0 ...    0  -62.0       1 ...
103  1  0  0  0  0  0  0  0  0  0  0  0  0  0  0  0 ...    0  -62.0       1 ...
104  1  0  0  0  0  0  0  0  0  0  0  0  0  0  0  0 ...    0  -62.0       1 ...
105  1  0  0  0  0  0  0  0  0  0  0  0  0  0  0  0 ...    0  -62.0       1 ...
106  0  0  1  0  0  0  0  0  0  0  0  0  0  0  0  0 ...    1  -62.0       1 ...
108  0  1  0  0  0  0  0  0  0  0  0  0  0  0  0  0 ...    1  -62.0       1 ...
109  0  0  1  0  0  0  0  0  0  0  0  0  0  0  0  0 ...    1  -62.0       1 ...
113  1  0  0  0  0  0  0  0  0  0  0  0  0  0  0  0 ...    0  -62.0       1 ...
114  1  0  0  0  0  0  0  0  0  0  0  0  0  0  0  0 ...    0  -62.0       1 ...
116  1  0  0  0  0  0  0  0  0  0  0  0  0  0  0  0 ...    0  -62.0       1 ...
117  1  0  0  0  0  0  0  0  0  0  0  0  0  0  0  0 ...    0  -62.0       1 ...
119  0  0  1  0  0  0  0  0  0  0  0  0  0  0  0  0 ...    1  -62.0       1 ...
122  1  0  0  0  0  0  0  0  0  0  0  0  0  0  0  0 ...    0  -62.0       1 ...
123  0  1  0  0  0  0  0  0  0  0  0  0  0  0  0  0 ...    1  -62.0       1 ...
124  0  1  0  0  0  0  0  0  0  0  0  0  0  0  0  0 ...    1  -62.0       1 ...
125  1  0  0  0  0  0  0  0  0  0  0  0  0  0  0  0 ...    0  -62.0       1 ...
127  1  0  0  0  0  0  0  0  0  0  0  0  0  0  0  0 ...    0  -62.0       1 ...
128  1  0  0  0  0  0  0  0  0  0  0  0  0  0  0  0 ...    0  -62.0       1 ...
129  1  0  0  0  0  0  0  0  0  0  0  0  0  0  0  0 ...    0  -62.0       1 ...
130  0  1  0  0  0  0  0  0  0  0  0  0  0  0  0  0 ...    0  -62.0       1 ...
132  0  1  0  0  0  0  0  0  0  0  0  0  0  0  0  0 ...    0  -62.0       1 ...
134  1  0  0  0  0  0  0  0  0  0  0  0  0  0  0  0 ...    0  -62.0       1 ...
135  0  1  0  0  0  0  0  0  0  0  0  0  0  0  0  0 ...    1  -62.0       1 ...
137  1  0  0  0  0  0  0  0  0  0  0  0  0  0  0  0 ...    0  -62.0       1 ...
138  1  0  0  0  0  0  0  0  0  0  0  0  0  0  0  0 ...    0  -62.0       1 ...
140  1  0  0  0  0  0  0  0  0  0  0  0  0  0  0  0 ...    0  -62.0       1 ...
141  1  0  0  0  0  0  0  0  0  0  0  0  0  0  0  0 ...    0  -62.0       1 ...
142  0  1  0  0  0  0  0  0  0  0  0  0  0  0  0  0 ...    1  -62.0       1 ...
144  1  0  0  0  0  0  0  0  0  0  0  0  0  0  0  0 ...    0  -62.0       1 ...
145  1  0  0  0  0  0  0  0  0  0  0  0  0  0  0  0 ...    0  -62.0       1 ...
147  1  0  0  0  0  0  0  0  0  0  0  0  0  0  0  0 ...    0  -62.0       1 ...
149  1  0  0  0  0  0  0  0  0  0  0  0  0  0  0  0 ...    0  -62.0       1 ...
153  1  0  0  0  0  0  0  0  0  0  0  0  0  0  0  0 ...    0  -62.0       1 ...
156  0  1  0  0  0  0  0  0  0  0  0  0  0  0  0  0 ...    1  -62.0       1 ...
158  0  1  0  0  0  0  0  0  0  0  0  0  0  0  0  0 ...    1  -62.0       1 ...
166  0  1  0  0  0  0  0  0  0  0  0  0  0  0  0  0 ...    0  -62.0       1 ...
168  1  0  0  0  0  0  0  0  0  0  0  0  0  0  0  0 ...    0  -62.0       1 ...
169  1  0  0  0  0  0  0  0  0  0  0  0  0  0  0  0 ...    0  -62.0       1 ...
170  1  0  0  0  0  0  0  0  0  0  0  0  0  0  0  0 ...    0  -62.0       1 ...
172  1  0  0  0  0  0  0  0  0  0  0  0  0  0  0  0 ...    0  -62.0       1 ...
173  1  0  0  0  0  0  0  0  0  0  0  0  0  0  0  0 ...    0  -62.0       1 ...
175  1  0  0  0  0  0  0  0  0  0  0  0  0  0  0  0 ...    0  -62.0       1 ...
180  1  0  0  0  0  0  0  0  0  0  0  0  0  0  0  0 ...    0  -62.0       1 ...
182  1  0  0  0  0  0  0  0  0  0  0  0  0  0  0  0 ...    0  -62.0       1 ...
184  0  1  0  0  0  0  0  0  0  0  0  0  0  0  0  0 ...    1  -62.0       1 ...
186  0  1  0  0  0  0  0  0  0  0  0  0  0  0  0  0 ...    0  -62.0       1 ...
189  1  0  0  0  0  0  0  0  0  0  0  0  0  0  0  0 ...    0  -62.0       1 ...
190  0  1  0  0  0  0  0  0  0  0  0  0  0  0  0  0 ...    0  -62.0       1 ...
191  1  0  0  0  0  0  0  0  0  0  0  0  0  0  0  0 ...    0  -62.0       1 ...
193  1  0  0  0  0  0  0  0  0  0  0  0  0  0  0  0 ...    0  -62.0       1 ...
194  0  1  0  0  0  0  0  0  0  0  0  0  0  0  0  0 ...    0  -62.0       1 ...
195  1  0  0  0  0  0  0  0  0  0  0  0  0  0  0  0 ...    0  -62.0       1 ...
197  1  0  0  0  0  0  0  0  0  0  0  0  0  0  0  0 ...    0  -62.0       1 ...
199  1  0  0  0  0  0  0  0  0  0  0  0  0  0  0  0 ...    0  -62.0       1 ...
201  0  1  0  0  0  0  0  0  0  0  0  0  0  0  0  0 ...    0  -62.0       1 ...
202  1  0  0  0  0  0  0  0  0  0  0  0  0  0  0  0 ...    0  -62.0       1 ...
203  1  0  0  0  0  0  0  0  0  0  0  0  0  0  0  0 ...    0  -62.0       1 ...
204  1  0  0  0  0  0  0  0  0  0  0  0  0  0  0  0 ...    0  -62.0       1 ...
205  1  0  0  0  0  0  0  0  0  0  0  0  0  0  0  0 ...    0  -62.0       1 ...
206  1  0  0  0  0  0  0  0  0  0  0  0  0  0  0  0 ...    0  -62.0       1 ...
208  1  0  0  0  0  0  0  0  0  0  0  0  0  0  0  0 ...    0  -62.0       1 ...
209  1  0  0  0  0  0  0  0  0  0  0  0  0  0  0  0 ...    0  -62.0       1 ...
213  1  0  0  0  0  0  0  0  0  0  0  0  0  0  0  0 ...    0  -62.0       1 ...
214  1  0  0  0  0  0  0  0  0  0  0  0  0  0  0  0 ...    0  -62.0       1 ...
215  1  0  0  0  0  0  0  0  0  0  0  0  0  0  0  0 ...    0  -62.0       1 ...
216  0  1  0  0  0  0  0  0  0  0  0  0  0  0  0  0 ...    1  -62.0       1 ...
217  1  0  0  0  0  0  0  0  0  0  0  0  0  0  0  0 ...    0  -62.0       1 ...
218  1  0  0  0  0  0  0  0  0  0  0  0  0  0  0  0 ...    0  -62.0       1 ...
219  1  0  0  0  0  0  0  0  0  0  0  0  0  0  0  0 ...    0  -62.0       1 ...
220  1  0  0  0  0  0  0  0  0  0  0  0  0  0  0  0 ...    0  -62.0       1 ...
221  1  0  0  0  0  0  0  0  0  0  0  0  0  0  0  0 ...    0  -62.0       1 ...
222  0  1  0  0  0  0  0  0  0  0  0  0  0  0  0  0 ...    0  -62.0       1 ...
223  1  0  0  0  0  0  0  0  0  0  0  0  0  0  0  0 ...    0  -62.0       1 ...
226  0  1  0  0  0  0  0  0  0  0  0  0  0  0  0  0 ...    1  -62.0       1 ...
228  1  0  0  0  0  0  0  0  0  0  0  0  0  0  0  0 ...    0  -62.0       1 ...
230  0  1  0  0  0  0  0  0  0  0  0  0  0  0  0  0 ...    0  -62.0       1 ...
233  1  0  0  0  0  0  0  0  0  0  0  0  0  0  0  0 ...    0  -62.0       1 ...
236  1  0  0  0  0  0  0  0  0  0  0  0  0  0  0  0 ...    0  -62.0       1 ...
239  1  0  0  0  0  0  0  0  0  0  0  0  0  0  0  0 ...    0  -62.0       1 ...
241  1  0  0  0  0  0  0  0  0  0  0  0  0  0  0  0 ...    0  -62.0       1 ...
242  0  1  0  0  0  0  0  0  0  0  0  0  0  0  0  0 ...    1  -62.0       1 ...
243  1  0  0  0  0  0  0  0  0  0  0  0  0  0  0  0 ...    0  -62.0       1 ...
244  1  0  0  0  0  0  0  0  0  0  0  0  0  0  0  0 ...    0  -62.0       1 ...
245  1  0  0  0  0  0  0  0  0  0  0  0  0  0  0  0 ...    0  -62.0       1 ...
247  1  0  0  0  0  0  0  0  0  0  0  0  0  0  0  0 ...    0  -62.0       1 ...
251  0  0  1  0  0  0  0  0  0  0  0  0  0  0  0  0 ...    1  -62.0       1 ...
252  0  1  0  0  0  0  0  0  0  0  0  0  0  0  0  0 ...    0  -62.0       1 ...
257  1  0  0  0  0  0  0  0  0  0  0  0  0  0  0  0 ...    0  -62.0       1 ...
258  1  0  0  0  0  0  0  0  0  0  0  0  0  0  0  0 ...    0  -62.0       1 ...
259  1  0  0  0  0  0  0  0  0  0  0  0  0  0  0  0 ...    0  -62.0       1 ...
261  1  0  0  0  0  0  0  0  0  0  0  0  0  0  0  0 ...    0  -62.0       1 ...
262  1  0  0  0  0  0  0  0  0  0  0  0  0  0  0  0 ...    0  -62.0       1 ...
265  0  1  0  0  0  0  0  0  0  0  0  0  0  0  0  0 ...    1  -62.0       1 ...
267  0  1  0  0  0  0  0  0  0  0  0  0  0  0  0  0 ...    1  -62.0       1 ...
268  1  0  0  0  0  0  0  0  0  0  0  0  0  0  0  0 ...    0  -62.0       1 ...
270  1  0  0  0  0  0  0  0  0  0  0  0  0  0  0  0 ...    0  -62.0       1 ...
274  0  1  0  0  0  0  0  0  0  0  0  0  0  0  0  0 ...    1  -62.0       1 ...
277  1  0  0  0  0  0  0  0  0  0  0  0  0  0  0  0 ...    0  -62.0       1 ...
278  1  0  0  0  0  0  0  0  0  0  0  0  0  0  0  0 ...    0  -62.0       1 ...
279  1  0  0  0  0  0  0  0  0  0  0  0  0  0  0  0 ...    0  -62.0       1 ...
280  1  0  0  0  0  0  0  0  0  0  0  0  0  0  0  0 ...    0  -62.0       1 ...
284  0  1  0  0  0  0  0  0  0  0  0  0  0  0  0  0 ...    1  -62.0       1 ...
285  1  0  0  0  0  0  0  0  0  0  0  0  0  0  0  0 ...    0  -62.0       1 ...
286  1  0  0  0  0  0  0  0  0  0  0  0  0  0  0  0 ...    0  -62.0       1 ...
290  1  0  0  0  0  0  0  0  0  0  0  0  0  0  0  0 ...    0  -62.0       1 ...
291  1  0  0  0  0  0  0  0  0  0  0  0  0  0  0  0 ...    0  -62.0       1 ...
292  1  0  0  0  0  0  0  0  0  0  0  0  0  0  0  0 ...    0  -62.0       1 ...
293  1  0  0  0  0  0  0  0  0  0  0  0  0  0  0  0 ...    0  -62.0       1 ...
294  1  0  0  0  0  0  0  0  0  0  0  0  0  0  0  0 ...    0  -62.0       1 ...
295  1  0  0  0  0  0  0  0  0  0  0  0  0  0  0  0 ...    0  -62.0       1 ...
300  1  0  0  0  0  0  0  0  0  0  0  0  0  0  0  0 ...    0  -62.0       1 ...
301  1  0  0  0  0  0  0  0  0  0  0  0  0  0  0  0 ...    0  -62.0       1 ...
302  1  0  0  0  0  0  0  0  0  0  0  0  0  0  0  0 ...    0  -62.0       1 ...
303  0  0  1  0  0  0  0  0  0  0  0  0  0  0  0  0 ...    0  -62.0       1 ...
304  1  0  0  0  0  0  0  0  0  0  0  0  0  0  0  0 ...    0  -62.0       1 ...
305  0  1  0  0  0  0  0  0  0  0  0  0  0  0  0  0 ...    1  -62.0       1 ...
306  1  0  0  0  0  0  0  0  0  0  0  0  0  0  0  0 ...    0  -62.0       1 ...
308  0  0  1  0  0  0  0  0  0  0  0  0  0  0  0  0 ...    0  -62.0       1 ...
312  0  1  0  0  0  0  0  0  0  0  0  0  0  0  0  0 ...    1  -62.0       1 ...
313  1  0  0  0  0  0  0  0  0  0  0  0  0  0  0  0 ...    0  -62.0       1 ...
314  1  0  0  0  0  0  0  0  0  0  0  0  0  0  0  0 ...    0  -62.0       1 ...
319  1  0  0  0  0  0  0  0  0  0  0  0  0  0  0  0 ...    0  -62.0       1 ...
320  0  1  0  0  0  0  0  0  0  0  0  0  0  0  0  0 ...    1  -62.0       1 ...
321  1  0  0  0  0  0  0  0  0  0  0  0  0  0  0  0 ...    0  -62.0       1 ...
323  1  0  0  0  0  0  0  0  0  0  0  0  0  0  0  0 ...    0  -62.0       1 ...
324  0  1  0  0  0  0  0  0  0  0  0  0  0  0  0  0 ...    0  -62.0       1 ...
325  0  0  1  0  0  0  0  0  0  0  0  0  0  0  0  0 ...    1  -62.0       1 ...
327  1  0  0  0  0  0  0  0  0  0  0  0  0  0  0  0 ...    0  -62.0       1 ...
328  1  0  0  0  0  0  0  0  0  0  0  0  0  0  0  0 ...    0  -62.0       1 ...
331  1  0  0  0  0  0  0  0  0  0  0  0  0  0  0  0 ...    0  -62.0       1 ...
332  1  0  0  0  0  0  0  0  0  0  0  0  0  0  0  0 ...    0  -62.0       1 ...
333  1  0  0  0  0  0  0  0  0  0  0  0  0  0  0  0 ...    0  -62.0       1 ...
334  1  0  0  0  0  0  0  0  0  0  0  0  0  0  0  0 ...    0  -62.0       1 ...
335  1  0  0  0  0  0  0  0  0  0  0  0  0  0  0  0 ...    0  -62.0       1 ...
340  1  0  0  0  0  0  0  0  0  0  0  0  0  0  0  0 ...    0  -62.0       1 ...
341  1  0  0  0  0  0  0  0  0  0  0  0  0  0  0  0 ...    0  -62.0       1 ...
342  1  0  0  0  0  0  0  0  0  0  0  0  0  0  0  0 ...    0  -62.0       1 ...
343  0  1  0  0  0  0  0  0  0  0  0  0  0  0  0  0 ...    1  -62.0       1 ...
344  1  0  0  0  0  0  0  0  0  0  0  0  0  0  0  0 ...    0  -62.0       1 ...
345  0  1  0  0  0  0  0  0  0  0  0  0  0  0  0  0 ...    1  -62.0       1 ...
347  1  0  0  0  0  0  0  0  0  0  0  0  0  0  0  0 ...    0  -62.0       1 ...
349  1  0  0  0  0  0  0  0  0  0  0  0  0  0  0  0 ...    0  -62.0       1 ...
350  1  0  0  0  0  0  0  0  0  0  0  0  0  0  0  0 ...    0  -62.0       1 ...
352  1  0  0  0  0  0  0  0  0  0  0  0  0  0  0  0 ...    0  -62.0       1 ...
353  0  1  0  0  0  0  0  0  0  0  0  0  0  0  0  0 ...    0  -62.0       1 ...
354  1  0  0  0  0  0  0  0  0  0  0  0  0  0  0  0 ...    0  -62.0       1 ...
356  1  0  0  0  0  0  0  0  0  0  0  0  0  0  0  0 ...    0  -62.0       1 ...
358  1  0  0  0  0  0  0  0  0  0  0  0  0  0  0  0 ...    0  -62.0       1 ...
360  1  0  0  0  0  0  0  0  0  0  0  0  0  0  0  0 ...    0  -62.0       1 ...
363  1  0  0  0  0  0  0  0  0  0  0  0  0  0  0  0 ...    0  -62.0       1 ...
365  1  0  0  0  0  0  0  0  0  0  0  0  0  0  0  0 ...    0  -62.0       1 ...
368  1  0  0  0  0  0  0  0  0  0  0  0  0  0  0  0 ...    0  -62.0       1 ...
369  1  0  0  0  0  0  0  0  0  0  0  0  0  0  0  0 ...    0  -62.0       1 ...
371  0  1  0  0  0  0  0  0  0  0  0  0  0  0  0  0 ...    1  -62.0       1 ...
374  1  0  0  0  0  0  0  0  0  0  0  0  0  0  0  0 ...    0  -62.0       1 ...
376  1  0  0  0  0  0  0  0  0  0  0  0  0  0  0  0 ...    0  -62.0       1 ...
377  1  0  0  0  0  0  0  0  0  0  0  0  0  0  0  0 ...    0  -62.0       1 ...
378  0  1  0  0  0  0  0  0  0  0  0  0  0  0  0  0 ...    1  -62.0       1 ...
380  1  0  0  0  0  0  0  0  0  0  0  0  0  0  0  0 ...    0  -62.0       1 ...
382  1  0  0  0  0  0  0  0  0  0  0  0  0  0  0  0 ...    0  -62.0       1 ...
385  1  0  0  0  0  0  0  0  0  0  0  0  0  0  0  0 ...    0  -62.0       1 ...
386  1  0  0  0  0  0  0  0  0  0  0  0  0  0  0  0 ...    0  -62.0       1 ...
388  1  0  0  0  0  0  0  0  0  0  0  0  0  0  0  0 ...    0  -62.0       1 ...
389  1  0  0  0  0  0  0  0  0  0  0  0  0  0  0  0 ...    0  -62.0       1 ...
390  1  0  0  0  0  0  0  0  0  0  0  0  0  0  0  0 ...    0  -62.0       1 ...
391  1  0  0  0  0  0  0  0  0  0  0  0  0  0  0  0 ...    0  -62.0       1 ...
392  0  1  0  0  0  0  0  0  0  0  0  0  0  0  0  0 ...    1  -62.0       1 ...
394  1  0  0  0  0  0  0  0  0  0  0  0  0  0  0  0 ...    0  -62.0       1 ...
395  1  0  0  0  0  0  0  0  0  0  0  0  0  0  0  0 ...    0  -62.0       1 ...
398  1  0  0  0  0  0  0  0  0  0  0  0  0  0  0  0 ...    0  -62.0       1 ...
400  1  0  0  0  0  0  0  0  0  0  0  0  0  0  0  0 ...    0  -62.0       1 ...
402  1  0  0  0  0  0  0  0  0  0  0  0  0  0  0  0 ...    0  -62.0       1 ...
403  1  0  0  0  0  0  0  0  0  0  0  0  0  0  0  0 ...    0  -62.0       1 ...
410  1  0  0  0  0  0  0  0  0  0  0  0  0  0  0  0 ...    0  -62.0       1 ...
412  1  0  0  0  0  0  0  0  0  0  0  0  0  0  0  0 ...    0  -62.0       1 ...
415  0  0  1  0  0  0  0  0  0  0  0  0  0  0  0  0 ...    1  -62.0       1 ...
416  1  0  0  0  0  0  0  0  0  0  0  0  0  0  0  0 ...    0  -62.0       1 ...
417  0  1  0  0  0  0  0  0  0  0  0  0  0  0  0  0 ...    1  -62.0       1 ...
418  1  0  0  0  0  0  0  0  0  0  0  0  0  0  0  0 ...    0  -62.0       1 ...
419  0  0  1  0  0  0  0  0  0  0  0  0  0  0  0  0 ...    1  -62.0       1 ...
421  1  0  0  0  0  0  0  0  0  0  0  0  0  0  0  0 ...    0  -62.0       1 ...
422  1  0  0  0  0  0  0  0  0  0  0  0  0  0  0  0 ...    0  -62.0       1 ...
423  1  0  0  0  0  0  0  0  0  0  0  0  0  0  0  0 ...    0  -62.0       1 ...
424  0  1  0  0  0  0  0  0  0  0  0  0  0  0  0  0 ...    1  -62.0       1 ...
425  1  0  0  0  0  0  0  0  0  0  0  0  0  0  0  0 ...    0  -62.0       1 ...
426  0  1  0  0  0  0  0  0  0  0  0  0  0  0  0  0 ...    1  -62.0       1 ...
430  1  0  0  0  0  0  0  0  0  0  0  0  0  0  0  0 ...    0  -62.0       1 ...
431  1  0  0  0  0  0  0  0  0  0  0  0  0  0  0  0 ...    0  -62.0       1 ...
432  0  1  0  0  0  0  0  0  0  0  0  0  0  0  0  0 ...    0  -62.0       1 ...
433  1  0  0  0  0  0  0  0  0  0  0  0  0  0  0  0 ...    0  -62.0       1 ...
434  1  0  0  0  0  0  0  0  0  0  0  0  0  0  0  0 ...    0  -62.0       1 ...
435  1  0  0  0  0  0  0  0  0  0  0  0  0  0  0  0 ...    0  -62.0       1 ...
436  1  0  0  0  0  0  0  0  0  0  0  0  0  0  0  0 ...    0  -62.0       1 ...
438  1  0  0  0  0  0  0  0  0  0  0  0  0  0  0  0 ...    0  -62.0       1 ...
439  1  0  0  0  0  0  0  0  0  0  0  0  0  0  0  0 ...    0  -62.0       1 ...
440  1  0  0  0  0  0  0  0  0  0  0  0  0  0  0  0 ...    0  -62.0       1 ...
441  1  0  0  0  0  0  0  0  0  0  0  0  0  0  0  0 ...    0  -62.0       1 ...
443  1  0  0  0  0  0  0  0  0  0  0  0  0  0  0  0 ...    0  -62.0       1 ...
444  0  0  1  0  0  0  0  0  0  0  0  0  0  0  0  0 ...    0  -62.0       1 ...
446  1  0  0  0  0  0  0  0  0  0  0  0  0  0  0  0 ...    0  -62.0       1 ...
449  1  0  0  0  0  0  0  0  0  0  0  0  0  0  0  0 ...    0  -62.0       1 ...
450  1  0  0  0  0  0  0  0  0  0  0  0  0  0  0  0 ...    0  -62.0       1 ...
451  1  0  0  0  0  0  0  0  0  0  0  0  0  0  0  0 ...    0  -62.0       1 ...
454  0  1  0  0  0  0  0  0  0  0  0  0  0  0  0  0 ...    1  -62.0       1 ...
457  1  0  0  0  0  0  0  0  0  0  0  0  0  0  0  0 ...    0  -62.0       1 ...
460  1  0  0  0  0  0  0  0  0  0  0  0  0  0  0  0 ...    0  -62.0       1 ...
462  0  1  0  0  0  0  0  0  0  0  0  0  0  0  0  0 ...    1  -62.0       1 ...
463  0  0  1  0  0  0  0  0  0  0  0  0  0  0  0  0 ...    0  -62.0       1 ...
467  0  1  0  0  0  0  0  0  0  0  0  0  0  0  0  0 ...    1  -62.0       1 ...
468  1  0  0  0  0  0  0  0  0  0  0  0  0  0  0  0 ...    0  -62.0       1 ...
470  1  0  0  0  0  0  0  0  0  0  0  0  0  0  0  0 ...    0  -62.0       1 ...
471  1  0  0  0  0  0  0  0  0  0  0  0  0  0  0  0 ...    0  -62.0       1 ...
473  1  0  0  0  0  0  0  0  0  0  0  0  0  0  0  0 ...    0  -62.0       1 ...
474  0  1  0  0  0  0  0  0  0  0  0  0  0  0  0  0 ...    1  -62.0       1 ...
475  1  0  0  0  0  0  0  0  0  0  0  0  0  0  0  0 ...    0  -62.0       1 ...
476  1  0  0  0  0  0  0  0  0  0  0  0  0  0  0  0 ...    0  -62.0       1 ...
478  1  0  0  0  0  0  0  0  0  0  0  0  0  0  0  0 ...    0  -62.0       1 ...
480  1  0  0  0  0  0  0  0  0  0  0  0  0  0  0  0 ...    0  -62.0       1 ...
484  1  0  0  0  0  0  0  0  0  0  0  0  0  0  0  0 ...    0  -62.0       1 ...
487  0  1  0  0  0  0  0  0  0  0  0  0  0  0  0  0 ...    1  -62.0       1 ...
489  1  0  0  0  0  0  0  0  0  0  0  0  0  0  0  0 ...    0  -62.0       1 ...
492  1  0  0  0  0  0  0  0  0  0  0  0  0  0  0  0 ...    0  -62.0       1 ...
495  1  0  0  0  0  0  0  0  0  0  0  0  0  0  0  0 ...    0  -62.0       1 ...
497  0  1  0  0  0  0  0  0  0  0  0  0  0  0  0  0 ...    1  -62.0       1 ...
498  1  0  0  0  0  0  0  0  0  0  0  0  0  0  0  0 ...    0  -62.0       1 ...
499  0  1  0  0  0  0  0  0  0  0  0  0  0  0  0  0 ...    1  -62.0       1 ...
504  1  0  0  0  0  0  0  0  0  0  0  0  0  0  0  0 ...    0  -62.0       1 ...
505  1  0  0  0  0  0  0  0  0  0  0  0  0  0  0  0 ...    0  -62.0       1 ...
507  1  0  0  0  0  0  0  0  0  0  0  0  0  0  0  0 ...    0  -62.0       1 ...
509  0  0  1  0  0  0  0  0  0  0  0  0  0  0  0  0 ...    0  -62.0       1 ...
512  1  0  0  0  0  0  0  0  0  0  0  0  0  0  0  0 ...    0  -62.0       1 ...
514  1  0  0  0  0  0  0  0  0  0  0  0  0  0  0  0 ...    0  -62.0       1 ...
517  1  0  0  0  0  0  0  0  0  0  0  0  0  0  0  0 ...    0  -62.0       1 ...
520  0  1  0  0  0  0  0  0  0  0  0  0  0  0  0  0 ...    1  -62.0       1 ...
522  0  1  0  0  0  0  0  0  0  0  0  0  0  0  0  0 ...    0  -62.0       1 ...
523  1  0  0  0  0  0  0  0  0  0  0  0  0  0  0  0 ...    0  -62.0       1 ...
524  1  0  0  0  0  0  0  0  0  0  0  0  0  0  0  0 ...    0  -62.0       1 ...
525  1  0  0  0  0  0  0  0  0  0  0  0  0  0  0  0 ...    0  -62.0       1 ...
526  1  0  0  0  0  0  0  0  0  0  0  0  0  0  0  0 ...    0  -62.0       1 ...
527  0  0  1  0  0  0  0  0  0  0  0  0  0  0  0  0 ...    0  -62.0       1 ...
529  1  0  0  0  0  0  0  0  0  0  0  0  0  0  0  0 ...    0  -62.0       1 ...
531  1  0  0  0  0  0  0  0  0  0  0  0  0  0  0  0 ...    0  -62.0       1 ...
532  1  0  0  0  0  0  0  0  0  0  0  0  0  0  0  0 ...    0  -62.0       1 ...
533  1  0  0  0  0  0  0  0  0  0  0  0  0  0  0  0 ...    0  -62.0       1 ...
534  1  0  0  0  0  0  0  0  0  0  0  0  0  0  0  0 ...    0  -62.0       1 ...
536  1  0  0  0  0  0  0  0  0  0  0  0  0  0  0  0 ...    0  -62.0       1 ...
537  0  1  0  0  0  0  0  0  0  0  0  0  0  0  0  0 ...    1  -62.0       1 ...
538  1  0  0  0  0  0  0  0  0  0  0  0  0  0  0  0 ...    0  -62.0       1 ...
539  1  0  0  0  0  0  0  0  0  0  0  0  0  0  0  0 ...    0  -62.0       1 ...
540  0  1  0  0  0  0  0  0  0  0  0  0  0  0  0  0 ...    1  -62.0       1 ...
541  1  0  0  0  0  0  0  0  0  0  0  0  0  0  0  0 ...    0  -62.0       1 ...
543  1  0  0  0  0  0  0  0  0  0  0  0  0  0  0  0 ...    0  -62.0       1 ...
544  1  0  0  0  0  0  0  0  0  0  0  0  0  0  0  0 ...    0  -62.0       1 ...
545  1  0  0  0  0  0  0  0  0  0  0  0  0  0  0  0 ...    0  -62.0       1 ...
546  1  0  0  0  0  0  0  0  0  0  0  0  0  0  0  0 ...    0  -62.0       1 ...
549  1  0  0  0  0  0  0  0  0  0  0  0  0  0  0  0 ...    0  -62.0       1 ...
551  1  0  0  0  0  0  0  0  0  0  0  0  0  0  0  0 ...    0  -62.0       1 ...
552  1  0  0  0  0  0  0  0  0  0  0  0  0  0  0  0 ...    0  -62.0       1 ...
554  1  0  0  0  0  0  0  0  0  0  0  0  0  0  0  0 ...    0  -62.0       1 ...
555  1  0  0  0  0  0  0  0  0  0  0  0  0  0  0  0 ...    0  -62.0       1 ...
557  1  0  0  0  0  0  0  0  0  0  0  0  0  0  0  0 ...    0  -62.0       1 ...
558  1  0  0  0  0  0  0  0  0  0  0  0  0  0  0  0 ...    0  -62.0       1 ...
559  1  0  0  0  0  0  0  0  0  0  0  0  0  0  0  0 ...    0  -62.0       1 ...
560  1  0  0  0  0  0  0  0  0  0  0  0  0  0  0  0 ...    0  -62.0       1 ...
561  1  0  0  0  0  0  0  0  0  0  0  0  0  0  0  0 ...    0  -62.0       1 ...
565  1  0  0  0  0  0  0  0  0  0  0  0  0  0  0  0 ...    0  -62.0       1 ...
567  1  0  0  0  0  0  0  0  0  0  0  0  0  0  0  0 ...    0  -62.0       1 ...
568  1  0  0  0  0  0  0  0  0  0  0  0  0  0  0  0 ...    0  -62.0       1 ...
569  1  0  0  0  0  0  0  0  0  0  0  0  0  0  0  0 ...    0  -62.0       1 ...
570  0  0  1  0  0  0  0  0  0  0  0  0  0  0  0  0 ...    0  -62.0       1 ...
571  1  0  0  0  0  0  0  0  0  0  0  0  0  0  0  0 ...    0  -62.0       1 ...
575  1  0  0  0  0  0  0  0  0  0  0  0  0  0  0  0 ...    0  -62.0       1 ...
577  0  1  0  0  0  0  0  0  0  0  0  0  0  0  0  0 ...    1  -62.0       1 ...
578  0  0  1  0  0  0  0  0  0  0  0  0  0  0  0  0 ...    0  -62.0       1 ...
581  1  0  0  0  0  0  0  0  0  0  0  0  0  0  0  0 ...    0  -62.0       1 ...
583  1  0  0  0  0  0  0  0  0  0  0  0  0  0  0  0 ...    0  -62.0       1 ...
584  1  0  0  0  0  0  0  0  0  0  0  0  0  0  0  0 ...    0  -62.0       1 ...
588  0  1  0  0  0  0  0  0  0  0  0  0  0  0  0  0 ...    0  -62.0       1 ...
589  1  0  0  0  0  0  0  0  0  0  0  0  0  0  0  0 ...    0  -62.0       1 ...
594  1  0  0  0  0  0  0  0  0  0  0  0  0  0  0  0 ...    0  -62.0       1 ...
595  1  0  0  0  0  0  0  0  0  0  0  0  0  0  0  0 ...    0  -62.0       1 ...
598  1  0  0  0  0  0  0  0  0  0  0  0  0  0  0  0 ...    0  -62.0       1 ...
599  0  1  0  0  0  0  0  0  0  0  0  0  0  0  0  0 ...    1  -62.0       1 ...
600  1  0  0  0  0  0  0  0  0  0  0  0  0  0  0  0 ...    0  -62.0       1 ...
603  1  0  0  0  0  0  0  0  0  0  0  0  0  0  0  0 ...    0  -62.0       1 ...
606  1  0  0  0  0  0  0  0  0  0  0  0  0  0  0  0 ...    0  -62.0       1 ...
607  1  0  0  0  0  0  0  0  0  0  0  0  0  0  0  0 ...    0  -62.0       1 ...
609  1  0  0  0  0  0  0  0  0  0  0  0  0  0  0  0 ...    0  -62.0       1 ...
611  1  0  0  0  0  0  0  0  0  0  0  0  0  0  0  0 ...    0  -62.0       1 ...
613  1  0  0  0  0  0  0  0  0  0  0  0  0  0  0  0 ...    0  -62.0       1 ...
614  1  0  0  0  0  0  0  0  0  0  0  0  0  0  0  0 ...    0  -62.0       1 ...
619  0  1  0  0  0  0  0  0  0  0  0  0  0  0  0  0 ...    1  -62.0       1 ...
621  1  0  0  0  0  0  0  0  0  0  0  0  0  0  0  0 ...    0  -62.0       1 ...
624  0  1  0  0  0  0  0  0  0  0  0  0  0  0  0  0 ...    1  -62.0       1 ...
625  1  0  0  0  0  0  0  0  0  0  0  0  0  0  0  0 ...    0  -62.0       1 ...
626  0  1  0  0  0  0  0  0  0  0  0  0  0  0  0  0 ...    1  -62.0       1 ...
627  1  0  0  0  0  0  0  0  0  0  0  0  0  0  0  0 ...    0  -62.0       1 ...
635  1  0  0  0  0  0  0  0  0  0  0  0  0  0  0  0 ...    0  -62.0       1 ...
636  1  0  0  0  0  0  0  0  0  0  0  0  0  0  0  0 ...    0  -62.0       1 ...
638  1  0  0  0  0  0  0  0  0  0  0  0  0  0  0  0 ...    0  -62.0       1 ...
640  1  0  0  0  0  0  0  0  0  0  0  0  0  0  0  0 ...    0  -62.0       1 ...
641  1  0  0  0  0  0  0  0  0  0  0  0  0  0  0  0 ...    0  -62.0       1 ...
644  0  1  0  0  0  0  0  0  0  0  0  0  0  0  0  0 ...    0  -62.0       1 ...
645  1  0  0  0  0  0  0  0  0  0  0  0  0  0  0  0 ...    0  -62.0       1 ...
646  1  0  0  0  0  0  0  0  0  0  0  0  0  0  0  0 ...    0  -62.0       1 ...
647  1  0  0  0  0  0  0  0  0  0  0  0  0  0  0  0 ...    0  -62.0       1 ...
648  1  0  0  0  0  0  0  0  0  0  0  0  0  0  0  0 ...    0  -62.0       1 ...
650  1  0  0  0  0  0  0  0  0  0  0  0  0  0  0  0 ...    0  -62.0       1 ...
653  1  0  0  0  0  0  0  0  0  0  0  0  0  0  0  0 ...    0  -62.0       1 ...
655  1  0  0  0  0  0  0  0  0  0  0  0  0  0  0  0 ...    0  -62.0       1 ...
659  1  0  0  0  0  0  0  0  0  0  0  0  0  0  0  0 ...    0  -62.0       1 ...
664  1  0  0  0  0  0  0  0  0  0  0  0  0  0  0  0 ...    0  -62.0       1 ...
665  1  0  0  0  0  0  0  0  0  0  0  0  0  0  0  0 ...    0  -62.0       1 ...
667  1  0  0  0  0  0  0  0  0  0  0  0  0  0  0  0 ...    0  -62.0       1 ...
669  1  0  0  0  0  0  0  0  0  0  0  0  0  0  0  0 ...    0  -62.0       1 ...
671  1  0  0  0  0  0  0  0  0  0  0  0  0  0  0  0 ...    0  -62.0       1 ...
674  0  1  0  0  0  0  0  0  0  0  0  0  0  0  0  0 ...    0  -62.0       1 ...
675  0  1  0  0  0  0  0  0  0  0  0  0  0  0  0  0 ...    1  -62.0       1 ...
677  1  0  0  0  0  0  0  0  0  0  0  0  0  0  0  0 ...    0  -62.0       1 ...
682  1  0  0  0  0  0  0  0  0  0  0  0  0  0  0  0 ...    0  -62.0       1 ...
685  1  0  0  0  0  0  0  0  0  0  0  0  0  0  0  0 ...    0  -62.0       1 ...
686  1  0  0  0  0  0  0  0  0  0  0  0  0  0  0  0 ...    0  -62.0       1 ...
687  1  0  0  0  0  0  0  0  0  0  0  0  0  0  0  0 ...    0  -62.0       1 ...
688  1  0  0  0  0  0  0  0  0  0  0  0  0  0  0  0 ...    0  -62.0       1 ...
691  0  0  1  0  0  0  0  0  0  0  0  0  0  0  0  0 ...    0  -62.0       1 ...
693  1  0  0  0  0  0  0  0  0  0  0  0  0  0  0  0 ...    0  -62.0       1 ...
694  1  0  0  0  0  0  0  0  0  0  0  0  0  0  0  0 ...    0  -62.0       1 ...
695  1  0  0  0  0  0  0  0  0  0  0  0  0  0  0  0 ...    0  -62.0       1 ...
700  1  0  0  0  0  0  0  0  0  0  0  0  0  0  0  0 ...    0  -62.0       1 ...
705  0  1  0  0  0  0  0  0  0  0  0  0  0  0  0  0 ...    1  -62.0       1 ...
711  1  0  0  0  0  0  0  0  0  0  0  0  0  0  0  0 ...    0  -62.0       1 ...
715  1  0  0  0  0  0  0  0  0  0  0  0  0  0  0  0 ...    0  -62.0       1 ...
716  0  1  0  0  0  0  0  0  0  0  0  0  0  0  0  0 ...    0  -62.0       1 ...
721  1  0  0  0  0  0  0  0  0  0  0  0  0  0  0  0 ...    0  -62.0       1 ...
724  1  0  0  0  0  0  0  0  0  0  0  0  0  0  0  0 ...    0  -62.0       1 ...
726  0  1  0  0  0  0  0  0  0  0  0  0  0  0  0  0 ...    1  -62.0       1 ...
727  1  0  0  0  0  0  0  0  0  0  0  0  0  0  0  0 ...    0  -62.0       1 ...
728  1  0  0  0  0  0  0  0  0  0  0  0  0  0  0  0 ...    0  -62.0       1 ...
732  0  0  1  0  0  0  0  0  0  0  0  0  0  0  0  0 ...    0  -62.0       1 ...
735  0  0  1  0  0  0  0  0  0  0  0  0  0  0  0  0 ...    0  -62.0       1 ...
736  1  0  0  0  0  0  0  0  0  0  0  0  0  0  0  0 ...    0  -62.0       1 ...
737  1  0  0  0  0  0  0  0  0  0  0  0  0  0  0  0 ...    0  -62.0       1 ...
738  1  0  0  0  0  0  0  0  0  0  0  0  0  0  0  0 ...    0  -62.0       1 ...
739  1  0  0  0  0  0  0  0  0  0  0  0  0  0  0  0 ...    0  -62.0       1 ...
741  1  0  0  0  0  0  0  0  0  0  0  0  0  0  0  0 ...    0  -62.0       1 ...
742  0  1  0  0  0  0  0  0  0  0  0  0  0  0  0  0 ...    0  -62.0       1 ...
743  1  0  0  0  0  0  0  0  0  0  0  0  0  0  0  0 ...    0  -62.0       1 ...
744  1  0  0  0  0  0  0  0  0  0  0  0  0  0  0  0 ...    0  -62.0       1 ...
745  0  0  1  0  0  0  0  0  0  0  0  0  0  0  0  0 ...    1  -62.0       1 ...
746  1  0  0  0  0  0  0  0  0  0  0  0  0  0  0  0 ...    0  -62.0       1 ...
748  0  0  1  0  0  0  0  0  0  0  0  0  0  0  0  0 ...    0  -62.0       1 ...
750  1  0  0  0  0  0  0  0  0  0  0  0  0  0  0  0 ...    0  -62.0       1 ...
752  1  0  0  0  0  0  0  0  0  0  0  0  0  0  0  0 ...    0  -62.0       1 ...
754  1  0  0  0  0  0  0  0  0  0  0  0  0  0  0  0 ...    0  -62.0       1 ...
755  1  0  0  0  0  0  0  0  0  0  0  0  0  0  0  0 ...    0  -62.0       1 ...
758  0  1  0  0  0  0  0  0  0  0  0  0  0  0  0  0 ...    1  -62.0       1 ...
759  1  0  0  0  0  0  0  0  0  0  0  0  0  0  0  0 ...    0  -62.0       1 ...
760  1  0  0  0  0  0  0  0  0  0  0  0  0  0  0  0 ...    0  -62.0       1 ...
764  1  0  0  0  0  0  0  0  0  0  0  0  0  0  0  0 ...    0  -62.0       1 ...
770  0  1  0  0  0  0  0  0  0  0  0  0  0  0  0  0 ...    0  -62.0       1 ...
771  1  0  0  0  0  0  0  0  0  0  0  0  0  0  0  0 ...    0  -62.0       1 ...
776  0  0  1  0  0  0  0  0  0  0  0  0  0  0  0  0 ...    0  -62.0       1 ...
777  1  0  0  0  0  0  0  0  0  0  0  0  0  0  0  0 ...    0  -62.0       1 ...
779  1  0  0  0  0  0  0  0  0  0  0  0  0  0  0  0 ...    0  -62.0       1 ...
781  1  0  0  0  0  0  0  0  0  0  0  0  0  0  0  0 ...    0  -62.0       1 ...
782  1  0  0  0  0  0  0  0  0  0  0  0  0  0  0  0 ...    0  -62.0       1 ...
787  1  0  0  0  0  0  0  0  0  0  0  0  0  0  0  0 ...    0  -62.0       1 ...
789  1  0  0  0  0  0  0  0  0  0  0  0  0  0  0  0 ...    0  -62.0       1 ...
790  0  1  0  0  0  0  0  0  0  0  0  0  0  0  0  0 ...    1  -62.0       1 ...
791  0  1  0  0  0  0  0  0  0  0  0  0  0  0  0  0 ...    1  -62.0       1 ...
793  1  0  0  0  0  0  0  0  0  0  0  0  0  0  0  0 ...    0  -62.0       1 ...
797  0  1  0  0  0  0  0  0  0  0  0  0  0  0  0  0 ...    1  -62.0       1 ...
801  1  0  0  0  0  0  0  0  0  0  0  0  0  0  0  0 ...    0  -62.0       1 ...
804  0  0  1  0  0  0  0  0  0  0  0  0  0  0  0  0 ...    1  -62.0       1 ...
807  1  0  0  0  0  0  0  0  0  0  0  0  0  0  0  0 ...    0  -62.0       1 ...
808  0  1  0  0  0  0  0  0  0  0  0  0  0  0  0  0 ...    1  -62.0       1 ...
809  1  0  0  0  0  0  0  0  0  0  0  0  0  0  0  0 ...    0  -62.0       1 ...
810  0  1  0  0  0  0  0  0  0  0  0  0  0  0  0  0 ...    1  -62.0       1 ...
811  1  0  0  0  0  0  0  0  0  0  0  0  0  0  0  0 ...    0  -62.0       1 ...
812  1  0  0  0  0  0  0  0  0  0  0  0  0  0  0  0 ...    0  -62.0       1 ...
813  1  0  0  0  0  0  0  0  0  0  0  0  0  0  0  0 ...    0  -62.0       1 ...
814  1  0  0  0  0  0  0  0  0  0  0  0  0  0  0  0 ...    0  -62.0       1 ...
815  1  0  0  0  0  0  0  0  0  0  0  0  0  0  0  0 ...    0  -62.0       1 ...
816  0  0  1  0  0  0  0  0  0  0  0  0  0  0  0  0 ...    0  -62.0       1 ...
820  0  0  1  0  0  0  0  0  0  0  0  0  0  0  0  0 ...    1  -62.0       1 ...
822  1  0  0  0  0  0  0  0  0  0  0  0  0  0  0  0 ...    0  -62.0       1 ...
823  1  0  0  0  0  0  0  0  0  0  0  0  0  0  0  0 ...    0  -62.0       1 ...
827  1  0  0  0  0  0  0  0  0  0  0  0  0  0  0  0 ...    0  -62.0       1 ...
828  0  1  0  0  0  0  0  0  0  0  0  0  0  0  0  0 ...    1  -62.0       1 ...
829  1  0  0  0  0  0  0  0  0  0  0  0  0  0  0  0 ...    0  -62.0       1 ...
833  1  0  0  0  0  0  0  0  0  0  0  0  0  0  0  0 ...    0  -62.0       1 ...
839  0  1  0  0  0  0  0  0  0  0  0  0  0  0  0  0 ...    1  -62.0       1 ...
840  0  1  0  0  0  0  0  0  0  0  0  0  0  0  0  0 ...    1  -62.0       1 ...
843  1  0  0  0  0  0  0  0  0  0  0  0  0  0  0  0 ...    0  -62.0       1 ...
848  0  1  0  0  0  0  0  0  0  0  0  0  0  0  0  0 ...    1  -62.0       1 ...
850  1  0  0  0  0  0  0  0  0  0  0  0  0  0  0  0 ...    0  -62.0       1 ...
854  1  0  0  0  0  0  0  0  0  0  0  0  0  0  0  0 ...    0  -62.0       1 ...
855  1  0  0  0  0  0  0  0  0  0  0  0  0  0  0  0 ...    0  -62.0       1 ...
856  0  1  0  0  0  0  0  0  0  0  0  0  0  0  0  0 ...    1  -62.0       1 ...
857  0  1  0  0  0  0  0  0  0  0  0  0  0  0  0  0 ...    1  -62.0       1 ...
858  1  0  0  0  0  0  0  0  0  0  0  0  0  0  0  0 ...    0  -62.0       1 ...
860  1  0  0  0  0  0  0  0  0  0  0  0  0  0  0  0 ...    0  -62.0       1 ...
862  0  1  0  0  0  0  0  0  0  0  0  0  0  0  0  0 ...    1  -62.0       1 ...
864  1  0  0  0  0  0  0  0  0  0  0  0  0  0  0  0 ...    0  -62.0       1 ...
868  1  0  0  0  0  0  0  0  0  0  0  0  0  0  0  0 ...    0  -62.0       1 ...
869  1  0  0  0  0  0  0  0  0  0  0  0  0  0  0  0 ...    0  -62.0       1 ...
870  1  0  0  0  0  0  0  0  0  0  0  0  0  0  0  0 ...    0  -62.0       1 ...
871  1  0  0  0  0  0  0  0  0  0  0  0  0  0  0  0 ...    0  -62.0       1 ...
873  1  0  0  0  0  0  0  0  0  0  0  0  0  0  0  0 ...    0  -62.0       1 ...
874  0  1  0  0  0  0  0  0  0  0  0  0  0  0  0  0 ...    1  -62.0       1 ...
876  1  0  0  0  0  0  0  0  0  0  0  0  0  0  0  0 ...    0  -62.0       1 ...
878  1  0  0  0  0  0  0  0  0  0  0  0  0  0  0  0 ...    0  -62.0       1 ...
879  1  0  0  0  0  0  0  0  0  0  0  0  0  0  0  0 ...    0  -62.0       1 ...
880  1  0  0  0  0  0  0  0  0  0  0  0  0  0  0  0 ...    0  -62.0       1 ...
885  1  0  0  0  0  0  0  0  0  0  0  0  0  0  0  0 ...    0  -62.0       1 ...
886  1  0  0  0  0  0  0  0  0  0  0  0  0  0  0  0 ...    0  -62.0       1 ...
887  1  0  0  0  0  0  0  0  0  0  0  0  0  0  0  0 ...    0  -62.0       1 ...
888  1  0  0  0  0  0  0  0  0  0  0  0  0  0  0  0 ...    0  -62.0       1 ...
889  1  0  0  0  0  0  0  0  0  0  0  0  0  0  0  0 ...    0  -62.0       1 ...
894  1  0  0  0  0  0  0  0  0  0  0  0  0  0  0  0 ...    0  -62.0       1 ...
896  1  0  0  0  0  0  0  0  0  0  0  0  0  0  0  0 ...    0  -62.0       1 ...
898  1  0  0  0  0  0  0  0  0  0  0  0  0  0  0  0 ...    0  -62.0       1 ...
902  1  0  0  0  0  0  0  0  0  0  0  0  0  0  0  0 ...    0  -62.0       1 ...
905  1  0  0  0  0  0  0  0  0  0  0  0  0  0  0  0 ...    0  -62.0       1 ...
906  1  0  0  0  0  0  0  0  0  0  0  0  0  0  0  0 ...    0  -62.0       1 ...
907  1  0  0  0  0  0  0  0  0  0  0  0  0  0  0  0 ...    0  -62.0       1 ...
909  1  0  0  0  0  0  0  0  0  0  0  0  0  0  0  0 ...    0  -62.0       1 ...
910  0  1  0  0  0  0  0  0  0  0  0  0  0  0  0  0 ...    1  -62.0       1 ...
911  1  0  0  0  0  0  0  0  0  0  0  0  0  0  0  0 ...    0  -62.0       1 ...
912  1  0  0  0  0  0  0  0  0  0  0  0  0  0  0  0 ...    0  -62.0       1 ...
913  1  0  0  0  0  0  0  0  0  0  0  0  0  0  0  0 ...    0  -62.0       1 ...
914  1  0  0  0  0  0  0  0  0  0  0  0  0  0  0  0 ...    0  -62.0       1 ...
917  1  0  0  0  0  0  0  0  0  0  0  0  0  0  0  0 ...    0  -62.0       1 ...
918  1  0  0  0  0  0  0  0  0  0  0  0  0  0  0  0 ...    0  -62.0       1 ...
919  0  1  0  0  0  0  0  0  0  0  0  0  0  0  0  0 ...    0  -62.0       1 ...
920  1  0  0  0  0  0  0  0  0  0  0  0  0  0  0  0 ...    0  -62.0       1 ...
921  1  0  0  0  0  0  0  0  0  0  0  0  0  0  0  0 ...    0  -62.0       1 ...
923  1  0  0  0  0  0  0  0  0  0  0  0  0  0  0  0 ...    0  -62.0       1 ...
927  1  0  0  0  0  0  0  0  0  0  0  0  0  0  0  0 ...    0  -62.0       1 ...
929  1  0  0  0  0  0  0  0  0  0  0  0  0  0  0  0 ...    0  -62.0       1 ...
930  1  0  0  0  0  0  0  0  0  0  0  0  0  0  0  0 ...    0  -62.0       1 ...
934  1  0  0  0  0  0  0  0  0  0  0  0  0  0  0  0 ...    0  -62.0       1 ...
936  0  1  0  0  0  0  0  0  0  0  0  0  0  0  0  0 ...    1  -62.0       1 ...
937  1  0  0  0  0  0  0  0  0  0  0  0  0  0  0  0 ...    0  -62.0       1 ...
939  1  0  0  0  0  0  0  0  0  0  0  0  0  0  0  0 ...    0  -62.0       1 ...
940  1  0  0  0  0  0  0  0  0  0  0  0  0  0  0  0 ...    0  -62.0       1 ...
948  1  0  0  0  0  0  0  0  0  0  0  0  0  0  0  0 ...    0  -62.0       1 ...
951  1  0  0  0  0  0  0  0  0  0  0  0  0  0  0  0 ...    0  -62.0       1 ...
955  1  0  0  0  0  0  0  0  0  0  0  0  0  0  0  0 ...    0  -62.0       1 ...
958  1  0  0  0  0  0  0  0  0  0  0  0  0  0  0  0 ...    0  -62.0       1 ...
962  0  1  0  0  0  0  0  0  0  0  0  0  0  0  0  0 ...    1  -62.0       1 ...
965  1  0  0  0  0  0  0  0  0  0  0  0  0  0  0  0 ...    0  -62.0       1 ...
966  0  1  0  0  0  0  0  0  0  0  0  0  0  0  0  0 ...    1  -62.0       1 ...
967  1  0  0  0  0  0  0  0  0  0  0  0  0  0  0  0 ...    0  -62.0       1 ...
969  1  0  0  0  0  0  0  0  0  0  0  0  0  0  0  0 ...    0  -62.0       1 ...
970  1  0  0  0  0  0  0  0  0  0  0  0  0  0  0  0 ...    0  -62.0       1 ...
974  0  1  0  0  0  0  0  0  0  0  0  0  0  0  0  0 ...    1  -62.0       1 ...
975  1  0  0  0  0  0  0  0  0  0  0  0  0  0  0  0 ...    0  -62.0       1 ...
976  1  0  0  0  0  0  0  0  0  0  0  0  0  0  0  0 ...    0  -62.0       1 ...
979  1  0  0  0  0  0  0  0  0  0  0  0  0  0  0  0 ...    0  -62.0       1 ...
981  1  0  0  0  0  0  0  0  0  0  0  0  0  0  0  0 ...    0  -62.0       1 ...
982  1  0  0  0  0  0  0  0  0  0  0  0  0  0  0  0 ...    0  -62.0       1 ...
983  1  0  0  0  0  0  0  0  0  0  0  0  0  0  0  0 ...    0  -62.0       1 ...
985  1  0  0  0  0  0  0  0  0  0  0  0  0  0  0  0 ...    0  -62.0       1 ...
988  1  0  0  0  0  0  0  0  0  0  0  0  0  0  0  0 ...    0  -62.0       1 ...
990  1  0  0  0  0  0  0  0  0  0  0  0  0  0  0  0 ...    0  -62.0       1 ...
991  1  0  0  0  0  0  0  0  0  0  0  0  0  0  0  0 ...    0  -62.0       1 ...
992  0  0  1  0  0  0  0  0  0  0  0  0  0  0  0  0 ...    0  -62.0       1 ...
994  1  0  0  0  0  0  0  0  0  0  0  0  0  0  0  0 ...    0  -62.0       1 ...
996  0  1  0  0  0  0  0  0  0  0  0  0  0  0  0  0 ...    0  -62.0       1 ...
997  1  0  0  0  0  0  0  0  0  0  0  0  0  0  0  0 ...    0  -62.0       1 ...
999  0  1  0  0  0  0  0  0  0  0  0  0  0  0  0  0 ...    1  -62.0       1 ...
2    0  0  1  0  0  0  0  0  0  0  0  0  0  0  0  0 ...    0  -60.0       1 ...
3    1  0  0  0  0  0  0  0  0  0  0  0  0  0  0  0 ...    0  -60.0       1 ...
6    0  1  0  0  0  0  0  0  0  0  0  0  0  0  0  0 ...    1  -60.0       1 ...
7    0  0  1  0  0  0  0  0  0  0  0  0  0  0  0  0 ...    0  -60.0       1 ...
13   1  0  0  0  0  0  0  0  0  0  0  0  0  0  0  0 ...    0  -60.0       1 ...
19   1  0  0  0  0  0  0  0  0  0  0  0  0  0  0  0 ...    0  -60.0       1 ...
31   0  1  0  0  0  0  0  0  0  0  0  0  0  0  0  0 ...    1  -60.0       1 ...
35   0  1  0  0  0  0  0  0  0  0  0  0  0  0  0  0 ...    1  -60.0       1 ...
38   0  1  0  0  0  0  0  0  0  0  0  0  0  0  0  0 ...    1  -60.0       1 ...
39   0  1  0  0  0  0  0  0  0  0  0  0  0  0  0  0 ...    1  -60.0       1 ...
41   0  1  0  0  0  0  0  0  0  0  0  0  0  0  0  0 ...    1  -60.0       1 ...
46   0  1  0  0  0  0  0  0  0  0  0  0  0  0  0  0 ...    1  -60.0       1 ...
47   0  1  0  0  0  0  0  0  0  0  0  0  0  0  0  0 ...    1  -60.0       1 ...
51   0  1  0  0  0  0  0  0  0  0  0  0  0  0  0  0 ...    1  -60.0       1 ...
53   0  1  0  0  0  0  0  0  0  0  0  0  0  0  0  0 ...    1  -60.0       1 ...
54   0  1  0  0  0  0  0  0  0  0  0  0  0  0  0  0 ...    1  -60.0       1 ...
61   0  1  0  0  0  0  0  0  0  0  0  0  0  0  0  0 ...    1  -60.0       1 ...
62   0  1  0  0  0  0  0  0  0  0  0  0  0  0  0  0 ...    1  -60.0       1 ...
63   0  0  1  0  0  0  0  0  0  0  0  0  0  0  0  0 ...    0  -60.0       1 ...
67   0  1  0  0  0  0  0  0  0  0  0  0  0  0  0  0 ...    1  -60.0       1 ...
71   0  1  0  0  0  0  0  0  0  0  0  0  0  0  0  0 ...    1  -60.0       1 ...
76   0  0  1  0  0  0  0  0  0  0  0  0  0  0  0  0 ...    1  -60.0       1 ...
80   0  1  0  0  0  0  0  0  0  0  0  0  0  0  0  0 ...    1  -60.0       1 ...
84   0  1  0  0  0  0  0  0  0  0  0  0  0  0  0  0 ...    1  -60.0       1 ...
85   1  0  0  0  0  0  0  0  0  0  0  0  0  0  0  0 ...    0  -60.0       1 ...
88   0  1  0  0  0  0  0  0  0  0  0  0  0  0  0  0 ...    1  -60.0       1 ...
90   0  1  0  0  0  0  0  0  0  0  0  0  0  0  0  0 ...    1  -60.0       1 ...
98   0  1  0  0  0  0  0  0  0  0  0  0  0  0  0  0 ...    1  -60.0       1 ...
100  0  0  1  0  0  0  0  0  0  0  0  0  0  0  0  0 ...    0  -60.0       1 ...
107  0  1  0  0  0  0  0  0  0  0  0  0  0  0  0  0 ...    1  -60.0       1 ...
110  0  0  1  0  0  0  0  0  0  0  0  0  0  0  0  0 ...    0  -60.0       1 ...
111  0  1  0  0  0  0  0  0  0  0  0  0  0  0  0  0 ...    1  -60.0       1 ...
112  0  1  0  0  0  0  0  0  0  0  0  0  0  0  0  0 ...    1  -60.0       1 ...
115  0  1  0  0  0  0  0  0  0  0  0  0  0  0  0  0 ...    1  -60.0       1 ...
118  1  0  0  0  0  0  0  0  0  0  0  0  0  0  0  0 ...    0  -60.0       1 ...
126  0  1  0  0  0  0  0  0  0  0  0  0  0  0  0  0 ...    1  -60.0       1 ...
131  0  1  0  0  0  0  0  0  0  0  0  0  0  0  0  0 ...    1  -60.0       1 ...
136  1  0  0  0  0  0  0  0  0  0  0  0  0  0  0  0 ...    0  -60.0       1 ...
139  0  1  0  0  0  0  0  0  0  0  0  0  0  0  0  0 ...    1  -60.0       1 ...
143  0  1  0  0  0  0  0  0  0  0  0  0  0  0  0  0 ...    1  -60.0       1 ...
146  1  0  0  0  0  0  0  0  0  0  0  0  0  0  0  0 ...    0  -60.0       1 ...
148  0  1  0  0  0  0  0  0  0  0  0  0  0  0  0  0 ...    1  -60.0       1 ...
150  0  1  0  0  0  0  0  0  0  0  0  0  0  0  0  0 ...    1  -60.0       1 ...
151  0  1  0  0  0  0  0  0  0  0  0  0  0  0  0  0 ...    1  -60.0       1 ...
152  0  0  1  0  0  0  0  0  0  0  0  0  0  0  0  0 ...    0  -60.0       1 ...
154  1  0  0  0  0  0  0  0  0  0  0  0  0  0  0  0 ...    0  -60.0       1 ...
157  1  0  0  0  0  0  0  0  0  0  0  0  0  0  0  0 ...    0  -60.0       1 ...
159  0  1  0  0  0  0  0  0  0  0  0  0  0  0  0  0 ...    1  -60.0       1 ...
160  0  1  0  0  0  0  0  0  0  0  0  0  0  0  0  0 ...    1  -60.0       1 ...
162  1  0  0  0  0  0  0  0  0  0  0  0  0  0  0  0 ...    0  -60.0       1 ...
164  0  0  1  0  0  0  0  0  0  0  0  0  0  0  0  0 ...    1  -60.0       1 ...
171  0  1  0  0  0  0  0  0  0  0  0  0  0  0  0  0 ...    1  -60.0       1 ...
174  0  1  0  0  0  0  0  0  0  0  0  0  0  0  0  0 ...    1  -60.0       1 ...
176  0  1  0  0  0  0  0  0  0  0  0  0  0  0  0  0 ...    1  -60.0       1 ...
177  0  1  0  0  0  0  0  0  0  0  0  0  0  0  0  0 ...    1  -60.0       1 ...
181  0  1  0  0  0  0  0  0  0  0  0  0  0  0  0  0 ...    1  -60.0       1 ...
185  1  0  0  0  0  0  0  0  0  0  0  0  0  0  0  0 ...    0  -60.0       1 ...
187  0  1  0  0  0  0  0  0  0  0  0  0  0  0  0  0 ...    1  -60.0       1 ...
188  0  1  0  0  0  0  0  0  0  0  0  0  0  0  0  0 ...    1  -60.0       1 ...
198  0  1  0  0  0  0  0  0  0  0  0  0  0  0  0  0 ...    1  -60.0       1 ...
207  1  0  0  0  0  0  0  0  0  0  0  0  0  0  0  0 ...    0  -60.0       1 ...
210  0  1  0  0  0  0  0  0  0  0  0  0  0  0  0  0 ...    1  -60.0       1 ...
225  0  1  0  0  0  0  0  0  0  0  0  0  0  0  0  0 ...    1  -60.0       1 ...
227  0  1  0  0  0  0  0  0  0  0  0  0  0  0  0  0 ...    1  -60.0       1 ...
229  0  0  1  0  0  0  0  0  0  0  0  0  0  0  0  0 ...    0  -60.0       1 ...
231  0  1  0  0  0  0  0  0  0  0  0  0  0  0  0  0 ...    1  -60.0       1 ...
232  0  1  0  0  0  0  0  0  0  0  0  0  0  0  0  0 ...    1  -60.0       1 ...
235  0  1  0  0  0  0  0  0  0  0  0  0  0  0  0  0 ...    1  -60.0       1 ...
237  0  0  1  0  0  0  0  0  0  0  0  0  0  0  0  0 ...    0  -60.0       1 ...
238  1  0  0  0  0  0  0  0  0  0  0  0  0  0  0  0 ...    0  -60.0       1 ...
240  0  1  0  0  0  0  0  0  0  0  0  0  0  0  0  0 ...    1  -60.0       1 ...
246  0  1  0  0  0  0  0  0  0  0  0  0  0  0  0  0 ...    1  -60.0       1 ...
248  1  0  0  0  0  0  0  0  0  0  0  0  0  0  0  0 ...    0  -60.0       1 ...
249  0  1  0  0  0  0  0  0  0  0  0  0  0  0  0  0 ...    1  -60.0       1 ...
250  0  0  1  0  0  0  0  0  0  0  0  0  0  0  0  0 ...    0  -60.0       1 ...
253  0  0  1  0  0  0  0  0  0  0  0  0  0  0  0  0 ...    0  -60.0       1 ...
254  0  1  0  0  0  0  0  0  0  0  0  0  0  0  0  0 ...    1  -60.0       1 ...
255  0  1  0  0  0  0  0  0  0  0  0  0  0  0  0  0 ...    1  -60.0       1 ...
256  1  0  0  0  0  0  0  0  0  0  0  0  0  0  0  0 ...    0  -60.0       1 ...
260  0  1  0  0  0  0  0  0  0  0  0  0  0  0  0  0 ...    1  -60.0       1 ...
264  0  0  1  0  0  0  0  0  0  0  0  0  0  0  0  0 ...    1  -60.0       1 ...
266  1  0  0  0  0  0  0  0  0  0  0  0  0  0  0  0 ...    0  -60.0       1 ...
272  0  1  0  0  0  0  0  0  0  0  0  0  0  0  0  0 ...    1  -60.0       1 ...
273  0  1  0  0  0  0  0  0  0  0  0  0  0  0  0  0 ...    1  -60.0       1 ...
275  0  1  0  0  0  0  0  0  0  0  0  0  0  0  0  0 ...    1  -60.0       1 ...
276  0  0  1  0  0  0  0  0  0  0  0  0  0  0  0  0 ...    0  -60.0       1 ...
281  0  1  0  0  0  0  0  0  0  0  0  0  0  0  0  0 ...    1  -60.0       1 ...
282  0  0  1  0  0  0  0  0  0  0  0  0  0  0  0  0 ...    0  -60.0       1 ...
283  1  0  0  0  0  0  0  0  0  0  0  0  0  0  0  0 ...    0  -60.0       1 ...
287  0  1  0  0  0  0  0  0  0  0  0  0  0  0  0  0 ...    1  -60.0       1 ...
288  0  1  0  0  0  0  0  0  0  0  0  0  0  0  0  0 ...    1  -60.0       1 ...
296  1  0  0  0  0  0  0  0  0  0  0  0  0  0  0  0 ...    0  -60.0       1 ...
297  0  1  0  0  0  0  0  0  0  0  0  0  0  0  0  0 ...    1  -60.0       1 ...
298  0  1  0  0  0  0  0  0  0  0  0  0  0  0  0  0 ...    1  -60.0       1 ...
299  0  1  0  0  0  0  0  0  0  0  0  0  0  0  0  0 ...    1  -60.0       1 ...
309  0  1  0  0  0  0  0  0  0  0  0  0  0  0  0  0 ...    1  -60.0       1 ...
310  1  0  0  0  0  0  0  0  0  0  0  0  0  0  0  0 ...    0  -60.0       1 ...
315  0  1  0  0  0  0  0  0  0  0  0  0  0  0  0  0 ...    1  -60.0       1 ...
317  0  1  0  0  0  0  0  0  0  0  0  0  0  0  0  0 ...    1  -60.0       1 ...
318  0  1  0  0  0  0  0  0  0  0  0  0  0  0  0  0 ...    1  -60.0       1 ...
322  0  1  0  0  0  0  0  0  0  0  0  0  0  0  0  0 ...    1  -60.0       1 ...
326  0  1  0  0  0  0  0  0  0  0  0  0  0  0  0  0 ...    1  -60.0       1 ...
330  0  0  1  0  0  0  0  0  0  0  0  0  0  0  0  0 ...    0  -60.0       1 ...
336  0  1  0  0  0  0  0  0  0  0  0  0  0  0  0  0 ...    1  -60.0       1 ...
337  0  1  0  0  0  0  0  0  0  0  0  0  0  0  0  0 ...    1  -60.0       1 ...
338  0  1  0  0  0  0  0  0  0  0  0  0  0  0  0  0 ...    1  -60.0       1 ...
339  0  1  0  0  0  0  0  0  0  0  0  0  0  0  0  0 ...    1  -60.0       1 ...
346  0  1  0  0  0  0  0  0  0  0  0  0  0  0  0  0 ...    1  -60.0       1 ...
348  0  1  0  0  0  0  0  0  0  0  0  0  0  0  0  0 ...    1  -60.0       1 ...
351  0  1  0  0  0  0  0  0  0  0  0  0  0  0  0  0 ...    1  -60.0       1 ...
355  0  1  0  0  0  0  0  0  0  0  0  0  0  0  0  0 ...    1  -60.0       1 ...
357  0  1  0  0  0  0  0  0  0  0  0  0  0  0  0  0 ...    1  -60.0       1 ...
359  0  1  0  0  0  0  0  0  0  0  0  0  0  0  0  0 ...    1  -60.0       1 ...
362  0  1  0  0  0  0  0  0  0  0  0  0  0  0  0  0 ...    1  -60.0       1 ...
364  0  1  0  0  0  0  0  0  0  0  0  0  0  0  0  0 ...    1  -60.0       1 ...
366  0  1  0  0  0  0  0  0  0  0  0  0  0  0  0  0 ...    1  -60.0       1 ...
370  0  1  0  0  0  0  0  0  0  0  0  0  0  0  0  0 ...    1  -60.0       1 ...
372  0  1  0  0  0  0  0  0  0  0  0  0  0  0  0  0 ...    1  -60.0       1 ...
373  1  0  0  0  0  0  0  0  0  0  0  0  0  0  0  0 ...    0  -60.0       1 ...
375  0  1  0  0  0  0  0  0  0  0  0  0  0  0  0  0 ...    1  -60.0       1 ...
379  0  0  1  0  0  0  0  0  0  0  0  0  0  0  0  0 ...    0  -60.0       1 ...
381  0  1  0  0  0  0  0  0  0  0  0  0  0  0  0  0 ...    1  -60.0       1 ...
383  0  1  0  0  0  0  0  0  0  0  0  0  0  0  0  0 ...    1  -60.0       1 ...
384  0  1  0  0  0  0  0  0  0  0  0  0  0  0  0  0 ...    1  -60.0       1 ...
387  0  1  0  0  0  0  0  0  0  0  0  0  0  0  0  0 ...    1  -60.0       1 ...
393  1  0  0  0  0  0  0  0  0  0  0  0  0  0  0  0 ...    0  -60.0       1 ...
396  1  0  0  0  0  0  0  0  0  0  0  0  0  0  0  0 ...    0  -60.0       1 ...
397  0  1  0  0  0  0  0  0  0  0  0  0  0  0  0  0 ...    1  -60.0       1 ...
399  1  0  0  0  0  0  0  0  0  0  0  0  0  0  0  0 ...    0  -60.0       1 ...
404  0  1  0  0  0  0  0  0  0  0  0  0  0  0  0  0 ...    1  -60.0       1 ...
405  0  1  0  0  0  0  0  0  0  0  0  0  0  0  0  0 ...    1  -60.0       1 ...
406  0  1  0  0  0  0  0  0  0  0  0  0  0  0  0  0 ...    1  -60.0       1 ...
407  0  1  0  0  0  0  0  0  0  0  0  0  0  0  0  0 ...    1  -60.0       1 ...
408  0  1  0  0  0  0  0  0  0  0  0  0  0  0  0  0 ...    1  -60.0       1 ...
409  1  0  0  0  0  0  0  0  0  0  0  0  0  0  0  0 ...    0  -60.0       1 ...
411  1  0  0  0  0  0  0  0  0  0  0  0  0  0  0  0 ...    0  -60.0       1 ...
413  0  1  0  0  0  0  0  0  0  0  0  0  0  0  0  0 ...    1  -60.0       1 ...
414  0  1  0  0  0  0  0  0  0  0  0  0  0  0  0  0 ...    1  -60.0       1 ...
420  0  1  0  0  0  0  0  0  0  0  0  0  0  0  0  0 ...    1  -60.0       1 ...
428  0  0  1  0  0  0  0  0  0  0  0  0  0  0  0  0 ...    0  -60.0       1 ...
437  0  1  0  0  0  0  0  0  0  0  0  0  0  0  0  0 ...    1  -60.0       1 ...
442  0  1  0  0  0  0  0  0  0  0  0  0  0  0  0  0 ...    1  -60.0       1 ...
445  0  1  0  0  0  0  0  0  0  0  0  0  0  0  0  0 ...    1  -60.0       1 ...
447  1  0  0  0  0  0  0  0  0  0  0  0  0  0  0  0 ...    0  -60.0       1 ...
448  0  1  0  0  0  0  0  0  0  0  0  0  0  0  0  0 ...    1  -60.0       1 ...
452  1  0  0  0  0  0  0  0  0  0  0  0  0  0  0  0 ...    0  -60.0       1 ...
453  0  1  0  0  0  0  0  0  0  0  0  0  0  0  0  0 ...    1  -60.0       1 ...
456  0  1  0  0  0  0  0  0  0  0  0  0  0  0  0  0 ...    1  -60.0       1 ...
458  1  0  0  0  0  0  0  0  0  0  0  0  0  0  0  0 ...    0  -60.0       1 ...
459  1  0  0  0  0  0  0  0  0  0  0  0  0  0  0  0 ...    0  -60.0       1 ...
461  0  1  0  0  0  0  0  0  0  0  0  0  0  0  0  0 ...    1  -60.0       1 ...
464  0  1  0  0  0  0  0  0  0  0  0  0  0  0  0  0 ...    1  -60.0       1 ...
465  0  1  0  0  0  0  0  0  0  0  0  0  0  0  0  0 ...    1  -60.0       1 ...
469  0  1  0  0  0  0  0  0  0  0  0  0  0  0  0  0 ...    0  -60.0       1 ...
472  0  0  1  0  0  0  0  0  0  0  0  0  0  0  0  0 ...    0  -60.0       1 ...
477  0  1  0  0  0  0  0  0  0  0  0  0  0  0  0  0 ...    1  -60.0       1 ...
479  1  0  0  0  0  0  0  0  0  0  0  0  0  0  0  0 ...    0  -60.0       1 ...
481  1  0  0  0  0  0  0  0  0  0  0  0  0  0  0  0 ...    0  -60.0       1 ...
483  0  1  0  0  0  0  0  0  0  0  0  0  0  0  0  0 ...    1  -60.0       1 ...
485  0  1  0  0  0  0  0  0  0  0  0  0  0  0  0  0 ...    1  -60.0       1 ...
486  0  1  0  0  0  0  0  0  0  0  0  0  0  0  0  0 ...    1  -60.0       1 ...
488  1  0  0  0  0  0  0  0  0  0  0  0  0  0  0  0 ...    0  -60.0       1 ...
490  0  1  0  0  0  0  0  0  0  0  0  0  0  0  0  0 ...    1  -60.0       1 ...
491  0  1  0  0  0  0  0  0  0  0  0  0  0  0  0  0 ...    1  -60.0       1 ...
493  0  1  0  0  0  0  0  0  0  0  0  0  0  0  0  0 ...    1  -60.0       1 ...
494  0  1  0  0  0  0  0  0  0  0  0  0  0  0  0  0 ...    1  -60.0       1 ...
496  1  0  0  0  0  0  0  0  0  0  0  0  0  0  0  0 ...    0  -60.0       1 ...
501  0  1  0  0  0  0  0  0  0  0  0  0  0  0  0  0 ...    1  -60.0       1 ...
506  0  1  0  0  0  0  0  0  0  0  0  0  0  0  0  0 ...    1  -60.0       1 ...
508  0  1  0  0  0  0  0  0  0  0  0  0  0  0  0  0 ...    1  -60.0       1 ...
510  0  1  0  0  0  0  0  0  0  0  0  0  0  0  0  0 ...    1  -60.0       1 ...
515  1  0  0  0  0  0  0  0  0  0  0  0  0  0  0  0 ...    0  -60.0       1 ...
516  0  1  0  0  0  0  0  0  0  0  0  0  0  0  0  0 ...    1  -60.0       1 ...
518  0  1  0  0  0  0  0  0  0  0  0  0  0  0  0  0 ...    1  -60.0       1 ...
519  0  1  0  0  0  0  0  0  0  0  0  0  0  0  0  0 ...    1  -60.0       1 ...
521  0  1  0  0  0  0  0  0  0  0  0  0  0  0  0  0 ...    1  -60.0       1 ...
530  0  1  0  0  0  0  0  0  0  0  0  0  0  0  0  0 ...    1  -60.0       1 ...
542  0  1  0  0  0  0  0  0  0  0  0  0  0  0  0  0 ...    0  -60.0       1 ...
548  0  0  1  0  0  0  0  0  0  0  0  0  0  0  0  0 ...    0  -60.0       1 ...
553  0  1  0  0  0  0  0  0  0  0  0  0  0  0  0  0 ...    1  -60.0       1 ...
556  1  0  0  0  0  0  0  0  0  0  0  0  0  0  0  0 ...    0  -60.0       1 ...
563  1  0  0  0  0  0  0  0  0  0  0  0  0  0  0  0 ...    0  -60.0       1 ...
564  0  1  0  0  0  0  0  0  0  0  0  0  0  0  0  0 ...    1  -60.0       1 ...
566  0  0  1  0  0  0  0  0  0  0  0  0  0  0  0  0 ...    0  -60.0       1 ...
572  0  1  0  0  0  0  0  0  0  0  0  0  0  0  0  0 ...    1  -60.0       1 ...
573  0  0  0  1  0  0  0  0  0  0  0  0  0  0  0  0 ...    0  -60.0       1 ...
574  0  1  0  0  0  0  0  0  0  0  0  0  0  0  0  0 ...    1  -60.0       1 ...
576  0  1  0  0  0  0  0  0  0  0  0  0  0  0  0  0 ...    1  -60.0       1 ...
580  0  1  0  0  0  0  0  0  0  0  0  0  0  0  0  0 ...    1  -60.0       1 ...
585  0  1  0  0  0  0  0  0  0  0  0  0  0  0  0  0 ...    1  -60.0       1 ...
586  1  0  0  0  0  0  0  0  0  0  0  0  0  0  0  0 ...    0  -60.0       1 ...
587  0  1  0  0  0  0  0  0  0  0  0  0  0  0  0  0 ...    1  -60.0       1 ...
590  0  1  0  0  0  0  0  0  0  0  0  0  0  0  0  0 ...    1  -60.0       1 ...
591  0  1  0  0  0  0  0  0  0  0  0  0  0  0  0  0 ...    1  -60.0       1 ...
592  0  0  0  1  0  0  0  0  0  0  0  0  0  0  0  0 ...    1  -60.0       1 ...
596  0  1  0  0  0  0  0  0  0  0  0  0  0  0  0  0 ...    1  -60.0       1 ...
602  0  1  0  0  0  0  0  0  0  0  0  0  0  0  0  0 ...    1  -60.0       1 ...
604  0  1  0  0  0  0  0  0  0  0  0  0  0  0  0  0 ...    1  -60.0       1 ...
605  0  1  0  0  0  0  0  0  0  0  0  0  0  0  0  0 ...    1  -60.0       1 ...
610  1  0  0  0  0  0  0  0  0  0  0  0  0  0  0  0 ...    0  -60.0       1 ...
612  1  0  0  0  0  0  0  0  0  0  0  0  0  0  0  0 ...    0  -60.0       1 ...
615  0  1  0  0  0  0  0  0  0  0  0  0  0  0  0  0 ...    1  -60.0       1 ...
616  1  0  0  0  0  0  0  0  0  0  0  0  0  0  0  0 ...    0  -60.0       1 ...
617  0  1  0  0  0  0  0  0  0  0  0  0  0  0  0  0 ...    1  -60.0       1 ...
618  0  1  0  0  0  0  0  0  0  0  0  0  0  0  0  0 ...    0  -60.0       1 ...
620  0  1  0  0  0  0  0  0  0  0  0  0  0  0  0  0 ...    1  -60.0       1 ...
622  0  0  1  0  0  0  0  0  0  0  0  0  0  0  0  0 ...    0  -60.0       1 ...
623  0  1  0  0  0  0  0  0  0  0  0  0  0  0  0  0 ...    1  -60.0       1 ...
628  0  0  1  0  0  0  0  0  0  0  0  0  0  0  0  0 ...    0  -60.0       1 ...
629  1  0  0  0  0  0  0  0  0  0  0  0  0  0  0  0 ...    0  -60.0       1 ...
630  1  0  0  0  0  0  0  0  0  0  0  0  0  0  0  0 ...    0  -60.0       1 ...
631  0  1  0  0  0  0  0  0  0  0  0  0  0  0  0  0 ...    1  -60.0       1 ...
632  0  1  0  0  0  0  0  0  0  0  0  0  0  0  0  0 ...    1  -60.0       1 ...
634  0  1  0  0  0  0  0  0  0  0  0  0  0  0  0  0 ...    1  -60.0       1 ...
637  0  1  0  0  0  0  0  0  0  0  0  0  0  0  0  0 ...    1  -60.0       1 ...
639  0  1  0  0  0  0  0  0  0  0  0  0  0  0  0  0 ...    1  -60.0       1 ...
643  0  1  0  0  0  0  0  0  0  0  0  0  0  0  0  0 ...    1  -60.0       1 ...
649  0  1  0  0  0  0  0  0  0  0  0  0  0  0  0  0 ...    1  -60.0       1 ...
651  0  0  1  0  0  0  0  0  0  0  0  0  0  0  0  0 ...    0  -60.0       1 ...
652  0  1  0  0  0  0  0  0  0  0  0  0  0  0  0  0 ...    1  -60.0       1 ...
657  0  1  0  0  0  0  0  0  0  0  0  0  0  0  0  0 ...    1  -60.0       1 ...
658  0  1  0  0  0  0  0  0  0  0  0  0  0  0  0  0 ...    1  -60.0       1 ...
660  0  0  1  0  0  0  0  0  0  0  0  0  0  0  0  0 ...    0  -60.0       1 ...
661  0  0  1  0  0  0  0  0  0  0  0  0  0  0  0  0 ...    0  -60.0       1 ...
662  0  1  0  0  0  0  0  0  0  0  0  0  0  0  0  0 ...    1  -60.0       1 ...
663  0  1  0  0  0  0  0  0  0  0  0  0  0  0  0  0 ...    1  -60.0       1 ...
666  1  0  0  0  0  0  0  0  0  0  0  0  0  0  0  0 ...    0  -60.0       1 ...
668  0  1  0  0  0  0  0  0  0  0  0  0  0  0  0  0 ...    1  -60.0       1 ...
670  0  1  0  0  0  0  0  0  0  0  0  0  0  0  0  0 ...    1  -60.0       1 ...
673  1  0  0  0  0  0  0  0  0  0  0  0  0  0  0  0 ...    0  -60.0       1 ...
676  0  1  0  0  0  0  0  0  0  0  0  0  0  0  0  0 ...    1  -60.0       1 ...
678  1  0  0  0  0  0  0  0  0  0  0  0  0  0  0  0 ...    0  -60.0       1 ...
679  0  1  0  0  0  0  0  0  0  0  0  0  0  0  0  0 ...    1  -60.0       1 ...
681  0  1  0  0  0  0  0  0  0  0  0  0  0  0  0  0 ...    1  -60.0       1 ...
683  1  0  0  0  0  0  0  0  0  0  0  0  0  0  0  0 ...    0  -60.0       1 ...
684  0  1  0  0  0  0  0  0  0  0  0  0  0  0  0  0 ...    1  -60.0       1 ...
689  0  1  0  0  0  0  0  0  0  0  0  0  0  0  0  0 ...    1  -60.0       1 ...
690  0  0  1  0  0  0  0  0  0  0  0  0  0  0  0  0 ...    1  -60.0       1 ...
696  0  1  0  0  0  0  0  0  0  0  0  0  0  0  0  0 ...    1  -60.0       1 ...
697  1  0  0  0  0  0  0  0  0  0  0  0  0  0  0  0 ...    0  -60.0       1 ...
701  0  1  0  0  0  0  0  0  0  0  0  0  0  0  0  0 ...    1  -60.0       1 ...
703  0  1  0  0  0  0  0  0  0  0  0  0  0  0  0  0 ...    1  -60.0       1 ...
706  0  1  0  0  0  0  0  0  0  0  0  0  0  0  0  0 ...    1  -60.0       1 ...
708  0  1  0  0  0  0  0  0  0  0  0  0  0  0  0  0 ...    1  -60.0       1 ...
709  0  1  0  0  0  0  0  0  0  0  0  0  0  0  0  0 ...    1  -60.0       1 ...
710  0  1  0  0  0  0  0  0  0  0  0  0  0  0  0  0 ...    1  -60.0       1 ...
712  1  0  0  0  0  0  0  0  0  0  0  0  0  0  0  0 ...    0  -60.0       1 ...
714  0  1  0  0  0  0  0  0  0  0  0  0  0  0  0  0 ...    1  -60.0       1 ...
717  0  1  0  0  0  0  0  0  0  0  0  0  0  0  0  0 ...    1  -60.0       1 ...
718  0  0  1  0  0  0  0  0  0  0  0  0  0  0  0  0 ...    1  -60.0       1 ...
719  0  1  0  0  0  0  0  0  0  0  0  0  0  0  0  0 ...    1  -60.0       1 ...
720  0  1  0  0  0  0  0  0  0  0  0  0  0  0  0  0 ...    1  -60.0       1 ...
722  0  1  0  0  0  0  0  0  0  0  0  0  0  0  0  0 ...    1  -60.0       1 ...
723  0  1  0  0  0  0  0  0  0  0  0  0  0  0  0  0 ...    1  -60.0       1 ...
725  1  0  0  0  0  0  0  0  0  0  0  0  0  0  0  0 ...    0  -60.0       1 ...
729  0  0  1  0  0  0  0  0  0  0  0  0  0  0  0  0 ...    0  -60.0       1 ...
730  0  1  0  0  0  0  0  0  0  0  0  0  0  0  0  0 ...    1  -60.0       1 ...
731  0  0  1  0  0  0  0  0  0  0  0  0  0  0  0  0 ...    1  -60.0       1 ...
734  0  1  0  0  0  0  0  0  0  0  0  0  0  0  0  0 ...    1  -60.0       1 ...
749  0  1  0  0  0  0  0  0  0  0  0  0  0  0  0  0 ...    1  -60.0       1 ...
751  0  1  0  0  0  0  0  0  0  0  0  0  0  0  0  0 ...    1  -60.0       1 ...
753  0  0  1  0  0  0  0  0  0  0  0  0  0  0  0  0 ...    0  -60.0       1 ...
756  1  0  0  0  0  0  0  0  0  0  0  0  0  0  0  0 ...    0  -60.0       1 ...
762  0  1  0  0  0  0  0  0  0  0  0  0  0  0  0  0 ...    1  -60.0       1 ...
763  1  0  0  0  0  0  0  0  0  0  0  0  0  0  0  0 ...    0  -60.0       1 ...
766  0  1  0  0  0  0  0  0  0  0  0  0  0  0  0  0 ...    0  -60.0       1 ...
767  1  0  0  0  0  0  0  0  0  0  0  0  0  0  0  0 ...    0  -60.0       1 ...
768  0  1  0  0  0  0  0  0  0  0  0  0  0  0  0  0 ...    1  -60.0       1 ...
769  0  1  0  0  0  0  0  0  0  0  0  0  0  0  0  0 ...    1  -60.0       1 ...
772  0  1  0  0  0  0  0  0  0  0  0  0  0  0  0  0 ...    1  -60.0       1 ...
773  0  1  0  0  0  0  0  0  0  0  0  0  0  0  0  0 ...    1  -60.0       1 ...
780  0  1  0  0  0  0  0  0  0  0  0  0  0  0  0  0 ...    1  -60.0       1 ...
783  0  1  0  0  0  0  0  0  0  0  0  0  0  0  0  0 ...    1  -60.0       1 ...
784  0  1  0  0  0  0  0  0  0  0  0  0  0  0  0  0 ...    1  -60.0       1 ...
785  0  1  0  0  0  0  0  0  0  0  0  0  0  0  0  0 ...    1  -60.0       1 ...
786  0  1  0  0  0  0  0  0  0  0  0  0  0  0  0  0 ...    1  -60.0       1 ...
792  0  1  0  0  0  0  0  0  0  0  0  0  0  0  0  0 ...    1  -60.0       1 ...
795  0  1  0  0  0  0  0  0  0  0  0  0  0  0  0  0 ...    1  -60.0       1 ...
796  1  0  0  0  0  0  0  0  0  0  0  0  0  0  0  0 ...    0  -60.0       1 ...
798  0  1  0  0  0  0  0  0  0  0  0  0  0  0  0  0 ...    1  -60.0       1 ...
799  1  0  0  0  0  0  0  0  0  0  0  0  0  0  0  0 ...    0  -60.0       1 ...
802  0  0  1  0  0  0  0  0  0  0  0  0  0  0  0  0 ...    0  -60.0       1 ...
817  0  1  0  0  0  0  0  0  0  0  0  0  0  0  0  0 ...    1  -60.0       1 ...
818  0  1  0  0  0  0  0  0  0  0  0  0  0  0  0  0 ...    1  -60.0       1 ...
819  0  1  0  0  0  0  0  0  0  0  0  0  0  0  0  0 ...    1  -60.0       1 ...
821  0  1  0  0  0  0  0  0  0  0  0  0  0  0  0  0 ...    1  -60.0       1 ...
824  0  1  0  0  0  0  0  0  0  0  0  0  0  0  0  0 ...    1  -60.0       1 ...
825  0  1  0  0  0  0  0  0  0  0  0  0  0  0  0  0 ...    1  -60.0       1 ...
826  1  0  0  0  0  0  0  0  0  0  0  0  0  0  0  0 ...    0  -60.0       1 ...
830  0  1  0  0  0  0  0  0  0  0  0  0  0  0  0  0 ...    1  -60.0       1 ...
831  1  0  0  0  0  0  0  0  0  0  0  0  0  0  0  0 ...    0  -60.0       1 ...
832  0  1  0  0  0  0  0  0  0  0  0  0  0  0  0  0 ...    1  -60.0       1 ...
834  1  0  0  0  0  0  0  0  0  0  0  0  0  0  0  0 ...    0  -60.0       1 ...
836  0  1  0  0  0  0  0  0  0  0  0  0  0  0  0  0 ...    1  -60.0       1 ...
837  0  1  0  0  0  0  0  0  0  0  0  0  0  0  0  0 ...    1  -60.0       1 ...
838  0  1  0  0  0  0  0  0  0  0  0  0  0  0  0  0 ...    1  -60.0       1 ...
841  0  1  0  0  0  0  0  0  0  0  0  0  0  0  0  0 ...    1  -60.0       1 ...
842  1  0  0  0  0  0  0  0  0  0  0  0  0  0  0  0 ...    0  -60.0       1 ...
847  0  1  0  0  0  0  0  0  0  0  0  0  0  0  0  0 ...    1  -60.0       1 ...
849  0  1  0  0  0  0  0  0  0  0  0  0  0  0  0  0 ...    1  -60.0       1 ...
851  1  0  0  0  0  0  0  0  0  0  0  0  0  0  0  0 ...    0  -60.0       1 ...
852  1  0  0  0  0  0  0  0  0  0  0  0  0  0  0  0 ...    0  -60.0       1 ...
859  0  1  0  0  0  0  0  0  0  0  0  0  0  0  0  0 ...    0  -60.0       1 ...
861  0  1  0  0  0  0  0  0  0  0  0  0  0  0  0  0 ...    1  -60.0       1 ...
863  0  1  0  0  0  0  0  0  0  0  0  0  0  0  0  0 ...    1  -60.0       1 ...
872  0  1  0  0  0  0  0  0  0  0  0  0  0  0  0  0 ...    0  -60.0       1 ...
875  0  1  0  0  0  0  0  0  0  0  0  0  0  0  0  0 ...    1  -60.0       1 ...
877  0  0  1  0  0  0  0  0  0  0  0  0  0  0  0  0 ...    0  -60.0       1 ...
881  0  1  0  0  0  0  0  0  0  0  0  0  0  0  0  0 ...    1  -60.0       1 ...
882  0  1  0  0  0  0  0  0  0  0  0  0  0  0  0  0 ...    1  -60.0       1 ...
883  0  0  1  0  0  0  0  0  0  0  0  0  0  0  0  0 ...    1  -60.0       1 ...
884  0  1  0  0  0  0  0  0  0  0  0  0  0  0  0  0 ...    1  -60.0       1 ...
890  0  1  0  0  0  0  0  0  0  0  0  0  0  0  0  0 ...    1  -60.0       1 ...
891  1  0  0  0  0  0  0  0  0  0  0  0  0  0  0  0 ...    0  -60.0       1 ...
892  1  0  0  0  0  0  0  0  0  0  0  0  0  0  0  0 ...    0  -60.0       1 ...
893  0  1  0  0  0  0  0  0  0  0  0  0  0  0  0  0 ...    1  -60.0       1 ...
895  1  0  0  0  0  0  0  0  0  0  0  0  0  0  0  0 ...    0  -60.0       1 ...
899  1  0  0  0  0  0  0  0  0  0  0  0  0  0  0  0 ...    0  -60.0       1 ...
900  0  1  0  0  0  0  0  0  0  0  0  0  0  0  0  0 ...    1  -60.0       1 ...
901  0  1  0  0  0  0  0  0  0  0  0  0  0  0  0  0 ...    1  -60.0       1 ...
903  0  1  0  0  0  0  0  0  0  0  0  0  0  0  0  0 ...    1  -60.0       1 ...
908  0  1  0  0  0  0  0  0  0  0  0  0  0  0  0  0 ...    1  -60.0       1 ...
915  1  0  0  0  0  0  0  0  0  0  0  0  0  0  0  0 ...    0  -60.0       1 ...
916  0  1  0  0  0  0  0  0  0  0  0  0  0  0  0  0 ...    1  -60.0       1 ...
922  0  1  0  0  0  0  0  0  0  0  0  0  0  0  0  0 ...    1  -60.0       1 ...
925  1  0  0  0  0  0  0  0  0  0  0  0  0  0  0  0 ...    0  -60.0       1 ...
926  0  1  0  0  0  0  0  0  0  0  0  0  0  0  0  0 ...    1  -60.0       1 ...
928  0  1  0  0  0  0  0  0  0  0  0  0  0  0  0  0 ...    1  -60.0       1 ...
931  0  1  0  0  0  0  0  0  0  0  0  0  0  0  0  0 ...    1  -60.0       1 ...
933  0  1  0  0  0  0  0  0  0  0  0  0  0  0  0  0 ...    1  -60.0       1 ...
938  1  0  0  0  0  0  0  0  0  0  0  0  0  0  0  0 ...    0  -60.0       1 ...
942  1  0  0  0  0  0  0  0  0  0  0  0  0  0  0  0 ...    0  -60.0       1 ...
945  0  0  1  0  0  0  0  0  0  0  0  0  0  0  0  0 ...    0  -60.0       1 ...
946  0  1  0  0  0  0  0  0  0  0  0  0  0  0  0  0 ...    1  -60.0       1 ...
949  0  1  0  0  0  0  0  0  0  0  0  0  0  0  0  0 ...    1  -60.0       1 ...
950  0  1  0  0  0  0  0  0  0  0  0  0  0  0  0  0 ...    1  -60.0       1 ...
952  0  1  0  0  0  0  0  0  0  0  0  0  0  0  0  0 ...    1  -60.0       1 ...
953  0  1  0  0  0  0  0  0  0  0  0  0  0  0  0  0 ...    1  -60.0       1 ...
954  0  1  0  0  0  0  0  0  0  0  0  0  0  0  0  0 ...    1  -60.0       1 ...
956  0  1  0  0  0  0  0  0  0  0  0  0  0  0  0  0 ...    1  -60.0       1 ...
957  1  0  0  0  0  0  0  0  0  0  0  0  0  0  0  0 ...    0  -60.0       1 ...
959  0  1  0  0  0  0  0  0  0  0  0  0  0  0  0  0 ...    1  -60.0       1 ...
960  1  0  0  0  0  0  0  0  0  0  0  0  0  0  0  0 ...    0  -60.0       1 ...
961  0  1  0  0  0  0  0  0  0  0  0  0  0  0  0  0 ...    1  -60.0       1 ...
963  0  1  0  0  0  0  0  0  0  0  0  0  0  0  0  0 ...    1  -60.0       1 ...
964  1  0  0  0  0  0  0  0  0  0  0  0  0  0  0  0 ...    0  -60.0       1 ...
968  0  1  0  0  0  0  0  0  0  0  0  0  0  0  0  0 ...    1  -60.0       1 ...
971  0  1  0  0  0  0  0  0  0  0  0  0  0  0  0  0 ...    1  -60.0       1 ...
972  0  1  0  0  0  0  0  0  0  0  0  0  0  0  0  0 ...    1  -60.0       1 ...
973  0  1  0  0  0  0  0  0  0  0  0  0  0  0  0  0 ...    1  -60.0       1 ...
978  0  1  0  0  0  0  0  0  0  0  0  0  0  0  0  0 ...    1  -60.0       1 ...
980  0  1  0  0  0  0  0  0  0  0  0  0  0  0  0  0 ...    0  -60.0       1 ...
984  1  0  0  0  0  0  0  0  0  0  0  0  0  0  0  0 ...    0  -60.0       1 ...
986  1  0  0  0  0  0  0  0  0  0  0  0  0  0  0  0 ...    0  -60.0       1 ...
987  0  0  1  0  0  0  0  0  0  0  0  0  0  0  0  0 ...    1  -60.0       1 ...
989  0  1  0  0  0  0  0  0  0  0  0  0  0  0  0  0 ...    1  -60.0       1 ...
993  0  1  0  0  0  0  0  0  0  0  0  0  0  0  0  0 ...    1  -60.0       1 ...
995  0  1  0  0  0  0  0  0  0  0  0  0  0  0  0  0 ...    1  -60.0       1 ...
998  0  0  1  0  0  0  0  0  0  0  0  0  0  0  0  0 ...    0  -60.0       1 ...
178  1  0  0  0  0  0  0  0  0  0  0  0  0  0  0  0 ...    0  -58.0       1 ...
289  0  1  0  0  0  0  0  0  0  0  0  0  0  0  0  0 ...    1  -58.0       1 ...
329  0  0  1  0  0  0  0  0  0  0  0  0  0  0  0  0 ...    1  -58.0       1 ...
502  0  1  0  0  0  0  0  0  0  0  0  0  0  0  0  0 ...    1  -58.0       1 ...
511  0  1  0  0  0  0  0  0  0  0  0  0  0  0  0  0 ...    0  -58.0       1 ...
550  0  1  0  0  0  0  0  0  0  0  0  0  0  0  0  0 ...    0  -58.0       1 ...
633  1  0  0  0  0  0  0  0  0  0  0  0  0  0  0  0 ...    0  -58.0       1 ...
656  0  1  0  0  0  0  0  0  0  0  0  0  0  0  0  0 ...    0  -58.0       1 ...
692  0  0  1  0  0  0  0  0  0  0  0  0  0  0  0  0 ...    1  -58.0       1 ...
761  0  1  0  0  0  0  0  0  0  0  0  0  0  0  0  0 ...    0  -58.0       1 ...
765  0  1  0  0  0  0  0  0  0  0  0  0  0  0  0  0 ...    0  -58.0       1 ...
932  0  0  1  0  0  0  0  0  0  0  0  0  0  0  0  0 ...    0  -58.0       1 ...
977  0  1  0  0  0  0  0  0  0  0  0  0  0  0  0  0 ...    0  -58.0       1 ...
['BINARY', 1000 rows, 1000 samples, 1600 variables]