n_100
1.652667760848999
1.4295141696929932
1.2962820529937744
1.49448561668396
1.5020818710327148
1.441028118133545
1.3500630855560303
1.5756969451904297
1.2865166664123535
1.6529548168182373
1.3813128471374512
1.2533800601959229
1.8684439659118652
1.1914317607879639
1.2431509494781494
1.9561529159545898
1.3505198955535889
1.2151618003845215
1.2670989036560059
2.111306667327881
1.1607837677001953
1.2333993911743164
1.2804031372070312
1.2983336448669434
2.4010391235351562
1.2629036903381348
1.2506871223449707
1.3650596141815186
1.3388302326202393
2.589219570159912
1.2748034000396729
1.279043197631836
1.2730531692504883
1.2158164978027344
1.31455397605896
1.2161495685577393
1.291308879852295
2.9077460765838623
1.645958662033081
1.296750783920288
1.2391657829284668
1.2214221954345703
1.3708674907684326
1.326390266418457
1.5107204914093018
1.35555100440979
3.662897825241089
1.482290267944336
1.5162127017974854
1.5680937767028809
1.4111385345458984
1.3570287227630615
1.5416357517242432
1.3758199214935303
1.5899794101715088
1.360954761505127
1.2386157512664795
4.068881034851074
1.4667587280273438
1.582587480545044
1.3681628704071045
1.34592604637146
1.2737441062927246
1.3129382133483887
1.3958427906036377
1.341773271560669
1.352156162261963
1.2904508113861084
1.4126849174499512
1.5355219841003418
1.386502742767334
4.887418746948242
1.369253396987915
1.5934946537017822
1.3685221672058105
1.4147350788116455
1.3402719497680664
1.4313132762908936
1.4878315925598145
1.3732349872589111
1.3781311511993408
1.4561266899108887
1.4645452499389648
1.4487881660461426
1.520287036895752
1.49192476272583
1.583404302597046
1.445122241973877
5.868209600448608
1.6785261631011963
1.4507184028625488
1.5463428497314453
1.4832451343536377
1.501072645187378
1.6816701889038086
1.4693877696990967
1.5833179950714111
1.5305006504058838
1.4060566425323486
1.3803682327270508
