n_400
3.0375170707702637
1.5915472507476807
1.6113471984863281
1.7201251983642578
1.767592430114746
1.7472758293151855
1.368149757385254
1.8474342823028564
1.5152692794799805
1.931102991104126
1.4806668758392334
1.429682731628418
2.074070453643799
1.4668328762054443
1.5648343563079834
2.290454387664795
1.5786340236663818
1.5389833450317383
1.4813652038574219
2.370143413543701
1.5544428825378418
1.5989129543304443
1.561479091644287
1.5016889572143555
2.5747175216674805
1.5057854652404785
1.5131196975708008
1.6228444576263428
1.5660927295684814
2.8712100982666016
1.5940351486206055
1.5405988693237305
1.6130917072296143
1.5128626823425293
1.5961148738861084
1.5565969944000244
1.6105220317840576
3.3068554401397705
1.7195303440093994
1.6136441230773926
1.5834906101226807
1.6869964599609375
1.7253007888793945
1.6465110778808594
1.6722824573516846
1.5694544315338135
3.7610743045806885
1.5853278636932373
1.6686623096466064
