n_50
1.9447505474090576
1.4642128944396973
1.4065799713134766
1.3900017738342285
1.4205865859985352
1.4403412342071533
1.2499215602874756
2.453031301498413
1.3350615501403809
1.8419718742370605
1.2951371669769287
1.4881236553192139
1.7992300987243652
1.2446928024291992
1.2159578800201416
1.851712703704834
1.2355780601501465
1.2641921043395996
1.164722204208374
2.359031915664673
1.250190258026123
1.3334708213806152
1.167745590209961
1.348240852355957
2.352649688720703
1.1624102592468262
1.279423475265503
1.3230364322662354
1.2830696105957031
2.908390760421753
1.4540443420410156
1.2136807441711426
1.3300220966339111
2.8336844444274902
2.8082337379455566
3.246999740600586
3.566145420074463
6.56811261177063
1.5727028846740723
1.5981228351593018
1.4385044574737549
1.3318455219268799
1.3530707359313965
1.3060181140899658
1.3678226470947266
1.2494308948516846
3.489342212677002
2.238805055618286
1.3868443965911865
1.3314838409423828
1.3521599769592285
1.3937368392944336
1.829181432723999
1.4515831470489502
1.321810007095337
1.321906328201294
1.3528797626495361
3.8809280395507812
1.3305537700653076
1.460791826248169
1.2569763660430908
1.3447728157043457
1.2478666305541992
1.5232160091400146
1.3212482929229736
1.3440308570861816
1.3095932006835938
1.3497867584228516
1.3518187999725342
1.39414381980896
1.4099743366241455
4.828869819641113
1.5024237632751465
1.4459776878356934
1.3520445823669434
2.2545132637023926
1.7778890132904053
1.4648168087005615
1.6303904056549072
1.5576798915863037
1.5833556652069092
1.532700777053833
1.5809564590454102
1.6255955696105957
1.5776407718658447
1.7605819702148438
1.7333388328552246
1.72981858253479
6.60990309715271
1.8703477382659912
1.6478676795959473
1.5939290523529053
1.6206316947937012
1.589986801147461
1.518714427947998
1.8218846321105957
1.8651349544525146
1.435910940170288
1.631345510482788
1.9025976657867432
