n_70
2.005678415298462
1.3861064910888672
1.3401310443878174
1.3966615200042725
1.9517111778259277
1.6189768314361572
1.1309702396392822
1.4986276626586914
1.2745795249938965
1.5762124061584473
1.2343270778656006
1.2826154232025146
1.9677884578704834
1.3165338039398193
1.2528178691864014
1.976402997970581
1.2860355377197266
1.2509417533874512
1.2679219245910645
2.0820610523223877
1.1580607891082764
1.1892313957214355
1.2321465015411377
1.284024953842163
2.5935561656951904
1.392533779144287
1.6168229579925537
1.1864476203918457
1.2484850883483887
2.7531185150146484
1.3363311290740967
1.4416496753692627
1.3263013362884521
1.3040263652801514
1.2408761978149414
1.3247456550598145
1.2756977081298828
3.25569224357605
1.3477966785430908
1.3967585563659668
1.4208076000213623
1.3708045482635498
1.4522035121917725
1.6381614208221436
1.4858176708221436
1.5212647914886475
4.15295934677124
1.6144285202026367
1.5901727676391602
1.9925494194030762
1.3833870887756348
1.5203323364257812
1.4753296375274658
1.530879020690918
1.4361085891723633
1.647376537322998
1.583873987197876
4.377729654312134
1.4973762035369873
1.32362961769104
1.2833399772644043
1.4876649379730225
1.4285213947296143
1.7580113410949707
1.3173117637634277
1.6273424625396729
1.5523674488067627
1.4533698558807373
1.3951356410980225
1.3761465549468994
1.4114813804626465
4.448896646499634
1.352557897567749
1.3225305080413818
1.3234167098999023
1.400597095489502
1.3564703464508057
1.4178228378295898
1.531883716583252
1.6953556537628174
1.4282512664794922
1.6083357334136963
1.5916383266448975
1.3891258239746094
1.3835697174072266
1.5227928161621094
1.52347731590271
1.3562607765197754
5.675192594528198
1.3895273208618164
1.9243602752685547
1.482696294784546
1.305633544921875
1.3361146450042725
1.355346441268921
1.3372573852539062
1.451225996017456
1.3702123165130615
1.3956918716430664
1.464534044265747
