n_20
1.71055006980896
1.7699263095855713
1.5712931156158447
1.5060884952545166
1.507458209991455
1.469926118850708
1.7757134437561035
1.5625252723693848
1.2559192180633545
1.753577709197998
1.2258763313293457
1.2804627418518066
1.9202117919921875
1.353341817855835
1.2331089973449707
2.057394504547119
1.2960224151611328
1.2680904865264893
1.1841983795166016
2.168515920639038
1.2740771770477295
1.2583715915679932
1.1922049522399902
1.193063497543335
2.4259116649627686
1.3288652896881104
1.4921984672546387
1.1775083541870117
1.4417645931243896
2.582571268081665
1.2015206813812256
1.3237559795379639
1.5833289623260498
1.3929927349090576
1.388904094696045
1.5251944065093994
1.3402109146118164
3.0083916187286377
1.3744585514068604
1.304182529449463
1.3056654930114746
1.454496145248413
1.2699663639068604
1.308410882949829
1.2893779277801514
1.2398626804351807
3.616589069366455
1.2735929489135742
1.3909778594970703
1.4748139381408691
1.30340576171875
1.507817029953003
1.4252865314483643
1.4889476299285889
1.3152012825012207
1.8220844268798828
1.534252643585205
3.8924059867858887
1.6787021160125732
1.2766144275665283
1.3579628467559814
1.3190762996673584
1.2923836708068848
1.2734339237213135
1.422179937362671
1.349564552307129
1.3062779903411865
1.2691874504089355
1.3480730056762695
1.6165108680725098
1.315223217010498
4.819668292999268
1.3691179752349854
1.4104444980621338
1.3241231441497803
1.3793957233428955
1.681703805923462
1.457897424697876
1.3771162033081055
1.5170621871948242
1.696143627166748
1.4522716999053955
1.379328727722168
1.5359034538269043
1.3306736946105957
1.4198315143585205
1.3652772903442383
1.598508596420288
5.2891435623168945
1.7946209907531738
2.156731367111206
2.058861494064331
2.3497729301452637
1.960507869720459
1.9030933380126953
2.03607177734375
1.6623034477233887
1.4016826152801514
1.5056519508361816
1.441868543624878
