n_400
2.7729198932647705
1.7763948440551758
1.6747939586639404
1.5941095352172852
1.657827377319336
1.7442657947540283
1.3872621059417725
1.7333753108978271
1.4115538597106934
1.9350993633270264
1.5065054893493652
1.5870614051818848
1.9496421813964844
1.4131319522857666
1.4977452754974365
2.6130142211914062
1.5301713943481445
1.459892988204956
1.4463293552398682
2.3432843685150146
1.4654655456542969
1.4738144874572754
1.4600811004638672
1.59287691116333
2.7304186820983887
1.6403377056121826
1.6893255710601807
