n_300
2.5172650814056396
1.7594149112701416
1.5863125324249268
1.6689670085906982
1.864546298980713
1.7319557666778564
1.5575048923492432
2.0050034523010254
1.6188995838165283
2.4304187297821045
1.3362236022949219
1.5384528636932373
1.929574966430664
1.427384376525879
1.3285117149353027
2.0340070724487305
1.6403717994689941
1.3600671291351318
1.703143835067749
2.2158548831939697
1.4271774291992188
1.5042908191680908
1.342545509338379
1.6207361221313477
2.3908207416534424
1.4045460224151611
1.3625032901763916
1.4892990589141846
1.3567986488342285
2.952028512954712
1.6907603740692139
1.411294937133789
1.5489304065704346
1.641934871673584
1.3836705684661865
1.4388513565063477
1.7013392448425293
3.1136326789855957
1.444779872894287
1.8439335823059082
1.8095059394836426
1.5692882537841797
1.4006690979003906
1.3036525249481201
1.5095787048339844
1.3239846229553223
3.8026037216186523
1.543114185333252
1.5299575328826904
1.592602014541626
1.5023751258850098
1.6733505725860596
1.319946050643921
2.186906337738037
1.404137134552002
1.7723870277404785
1.6481049060821533
4.477756977081299
1.6101019382476807
1.6432428359985352
1.355018138885498
1.5374717712402344
1.6837222576141357
1.446610689163208
1.5240485668182373
1.4673864841461182
1.642033576965332
1.708139419555664
1.5054471492767334
1.5654609203338623
1.7607307434082031
4.720677852630615
1.4503941535949707
1.619166374206543
1.5746784210205078
1.4231393337249756
1.4558138847351074
1.4104280471801758
1.4027345180511475
1.6712853908538818
1.5008552074432373
1.4919755458831787
1.5644376277923584
1.6275677680969238
1.534651756286621
1.5971572399139404
1.4958338737487793
1.4557907581329346
5.670772552490234
1.9581520557403564
1.6651248931884766
1.5677342414855957
1.6294913291931152
1.6968023777008057
1.5873217582702637
1.8568968772888184
1.8979766368865967
2.0715017318725586
1.7191483974456787
1.5848774909973145
