n	qpu_t	find_embedding_t	FixedEmbedding_t	num_qubits	topology
8	1.836780071258545	7.942325830459595	0.020362138748168945	1277	chimera
8	1.4987843036651611	13.197015762329102	0.020354747772216797	1186	chimera
8	1.2194371223449707	13.194590330123901	0.025213003158569336	1199	chimera
8	1.3009042739868164	4.73498010635376	0.024227619171142578	1237	chimera
8	1.465013027191162	12.53821849822998	0.02309560775756836	1226	chimera
8	1.664285659790039	24.506707191467285	0.018102169036865234	1153	chimera
8	1.1689867973327637	19.11333203315735	0.018427371978759766	1209	chimera
8	1.5979642868041992	20.740260124206543	0.025542497634887695	1182	chimera
8	1.5755887031555176	12.93720030784607	0.019469022750854492	1223	chimera
8	1.9652683734893799	10.240401029586792	0.023921489715576172	1233	chimera
8	1.3551275730133057	17.429247856140137	0.023221969604492188	1199	chimera
8	1.1147370338439941	14.2085280418396	0.018059492111206055	1268	chimera
8	1.398505687713623	7.908920049667358	0.0173189640045166	1300	chimera
8	1.3717041015625	39.1063928604126	0.01674652099609375	1102	chimera
8	2.0159130096435547	7.9946208000183105	0.016869068145751953	1219	chimera
8	1.147590160369873	17.915366411209106	0.019095659255981445	1159	chimera
8	1.02451491355896	7.513881206512451	0.019251346588134766	1186	chimera
8	1.170353651046753	16.247977256774902	0.018120527267456055	1165	chimera
8	2.0575129985809326	6.774587869644165	0.016726016998291016	1289	chimera
8	1.468578815460205	7.373942136764526	0.023092985153198242	1232	chimera
8	1.225175142288208	15.46177053451538	0.019970178604125977	1208	chimera
8	1.1005842685699463	16.92467474937439	0.018763303756713867	1147	chimera
8	1.051697015762329	16.373157024383545	0.01842975616455078	1201	chimera
8	2.5092175006866455	15.26512885093689	0.01819443702697754	1251	chimera
8	1.2159910202026367	8.909137725830078	0.019419431686401367	1185	chimera
8	1.1878910064697266	16.10661768913269	0.018441438674926758	1192	chimera
8	1.2278978824615479	6.660912990570068	0.01717352867126465	1214	chimera
8	1.110708236694336	10.384080410003662	0.023717164993286133	1282	chimera
8	2.365964412689209	17.401421308517456	0.01951289176940918	1173	chimera
8	1.0297975540161133	22.72218680381775	0.01874256134033203	1123	chimera
8	1.1620261669158936	18.51254153251648	0.0204465389251709	1204	chimera
8	1.1731207370758057	9.49866271018982	0.019069671630859375	1206	chimera
8	1.3078367710113525	15.319590091705322	0.01883697509765625	1168	chimera
8	1.2238833904266357	13.166252851486206	0.019262075424194336	1188	chimera
8	1.3095247745513916	7.3978941440582275	0.019489765167236328	1208	chimera
8	2.64967679977417	4.206476211547852	0.017850875854492188	1338	chimera
8	1.113114595413208	13.546452760696411	0.018739938735961914	1184	chimera
8	1.2332749366760254	11.819774866104126	0.02020573616027832	1161	chimera
8	1.2595586776733398	14.158009052276611	0.01756429672241211	1181	chimera
8	1.10591459274292	3.857386827468872	0.018826961517333984	1275	chimera
8	1.1259245872497559	15.278348207473755	0.01965808868408203	1200	chimera
8	1.2175424098968506	14.89108943939209	0.01773810386657715	1200	chimera
8	1.342015266418457	17.43622612953186	0.01857900619506836	1152	chimera
8	2.996396541595459	5.147630214691162	0.017426729202270508	1270	chimera
8	1.2263202667236328	5.646100044250488	0.01942300796508789	1249	chimera
8	1.2379539012908936	19.61859965324402	0.017109155654907227	1196	chimera
8	1.2972655296325684	7.7547221183776855	0.018016815185546875	1241	chimera
8	1.095134973526001	8.466628313064575	0.017644882202148438	1152	chimera
8	1.1747994422912598	8.456304550170898	0.01749396324157715	1291	chimera
8	1.2569873332977295	7.131910800933838	0.019604921340942383	1240	chimera
8	1.1693837642669678	17.201274156570435	0.018285036087036133	1180	chimera
8	1.2374687194824219	13.524204730987549	0.017717599868774414	1222	chimera
8	1.2629361152648926	17.73620104789734	0.01963520050048828	1198	chimera
8	4.019779443740845	18.53566884994507	0.017802715301513672	1153	chimera
8	1.1375303268432617	20.080304861068726	0.01841425895690918	1118	chimera
8	1.201124668121338	11.552932739257812	0.025117158889770508	1188	chimera
8	1.2182390689849854	8.861320972442627	0.019125699996948242	1243	chimera
8	1.3672378063201904	12.968668222427368	0.031193971633911133	1232	chimera
8	1.2671747207641602	6.485055923461914	0.02055215835571289	1233	chimera
8	1.3416295051574707	13.912327527999878	0.025276899337768555	1187	chimera
8	1.220726490020752	6.818572521209717	0.02074742317199707	1257	chimera
8	1.2851998805999756	4.815806865692139	0.021390199661254883	1211	chimera
8	1.2130615711212158	10.423508882522583	0.023307085037231445	1267	chimera
8	1.1598851680755615	13.151268005371094	0.026265382766723633	1219	chimera
8	1.4099664688110352	7.740454435348511	0.021010875701904297	1237	chimera
8	1.3969676494598389	5.375460624694824	0.019941091537475586	1272	chimera
8	4.658973217010498	14.717209339141846	0.017318248748779297	1190	chimera
8	1.211282730102539	12.787553310394287	0.020639419555664062	1222	chimera
8	1.3326010704040527	8.148967504501343	0.017362117767333984	1280	chimera
8	1.58927583694458	6.8184802532196045	0.019176721572875977	1202	chimera
8	1.1263580322265625	7.744262933731079	0.01927638053894043	1298	chimera
8	1.2585585117340088	10.406062602996826	0.017946720123291016	1188	chimera
8	1.4077587127685547	6.082178831100464	0.01873493194580078	1270	chimera
8	1.2475147247314453	14.588184833526611	0.0206301212310791	1207	chimera
8	1.2732455730438232	6.758099555969238	0.024137020111083984	1233	chimera
8	1.3404839038848877	12.181895971298218	0.01917123794555664	1216	chimera
8	1.3995139598846436	10.120754718780518	0.026178359985351562	1222	chimera
8	1.7283518314361572	13.626760482788086	0.018327713012695312	1233	chimera
8	1.3940627574920654	26.338430404663086	0.017993450164794922	1195	chimera
8	1.3137402534484863	13.394550800323486	0.018747329711914062	1207	chimera
8	1.3289034366607666	19.29512095451355	0.018809080123901367	1190	chimera
8	4.903455018997192	10.062549352645874	0.01794576644897461	1221	chimera
8	1.2507421970367432	6.406299591064453	0.019982337951660156	1233	chimera
8	1.5399274826049805	14.881464958190918	0.01801276206970215	1145	chimera
8	1.341461181640625	13.559692621231079	0.019261598587036133	1182	chimera
8	1.432985782623291	15.385965824127197	0.017986059188842773	1206	chimera
8	1.4736080169677734	8.31540846824646	0.020593881607055664	1229	chimera
8	1.3192315101623535	9.409725189208984	0.018806934356689453	1205	chimera
8	1.3209643363952637	10.374907732009888	0.01896381378173828	1251	chimera
8	1.3577888011932373	7.588197469711304	0.018637895584106445	1248	chimera
8	1.3437049388885498	13.227149486541748	0.019574880599975586	1185	chimera
8	1.2717971801757812	17.416059255599976	0.036923885345458984	1158	chimera
8	1.4906728267669678	8.877283096313477	0.019086360931396484	1254	chimera
8	1.4642353057861328	7.151044130325317	0.018496990203857422	1287	chimera
8	1.4026529788970947	7.485725164413452	0.021306276321411133	1237	chimera
8	1.4652597904205322	20.493948459625244	0.020328760147094727	1175	chimera
8	1.3898890018463135	14.349238157272339	0.019339799880981445	1236	chimera
8	1.6153781414031982	14.622787237167358	0.019075870513916016	1183	chimera
8	1.5743486881256104	9.255268812179565	0.021999359130859375	1241	chimera
8	1.425300121307373	6.205899715423584	0.02563929557800293	1243	chimera
