n	qpu_t	find_embedding_t	FixedEmbedding_t	num_qubits	topology
4	1.8376829624176025	0.2575204372406006	0.009851217269897461	66	chimera
4	1.3610694408416748	0.26738476753234863	0.011932373046875	65	chimera
4	1.3333261013031006	0.3034501075744629	0.011340141296386719	67	chimera
4	1.4430122375488281	0.23199248313903809	0.009066581726074219	66	chimera
4	1.2809839248657227	0.2703542709350586	0.009850263595581055	64	chimera
4	1.3928453922271729	0.14723992347717285	0.01049947738647461	72	chimera
4	1.0883269309997559	0.7019438743591309	0.012433767318725586	67	chimera
4	1.8905253410339355	0.24092745780944824	0.009011507034301758	77	chimera
4	1.0391714572906494	0.22819876670837402	0.013605833053588867	70	chimera
4	1.4846348762512207	0.19416141510009766	0.011730194091796875	67	chimera
4	0.9984166622161865	0.394817590713501	0.011212348937988281	74	chimera
4	1.0695769786834717	0.3753180503845215	0.010087966918945312	73	chimera
4	1.6060857772827148	0.3917520046234131	0.011631250381469727	73	chimera
4	1.059156894683838	0.1659994125366211	0.011383533477783203	70	chimera
4	1.6654248237609863	0.2693970203399658	0.011763811111450195	67	chimera
4	1.9359524250030518	0.37419939041137695	0.01435708999633789	70	chimera
4	1.1722040176391602	0.3748321533203125	0.012505292892456055	72	chimera
4	1.402543067932129	0.2826249599456787	0.01998591423034668	63	chimera
4	1.3919603824615479	0.18292522430419922	0.035291194915771484	70	chimera
4	2.3579630851745605	0.284074068069458	0.0191037654876709	62	chimera
4	1.3049278259277344	0.4565889835357666	0.018750429153442383	61	chimera
4	1.1594054698944092	0.306459903717041	0.013320207595825195	74	chimera
4	1.2658336162567139	0.16491174697875977	0.013537883758544922	64	chimera
4	2.64328670501709	0.19618844985961914	0.011540889739990234	71	chimera
4	1.1333577632904053	0.46338939666748047	0.010942459106445312	68	chimera
4	1.2450098991394043	0.21547365188598633	0.013229608535766602	68	chimera
4	1.2567627429962158	0.3200385570526123	0.010766267776489258	67	chimera
4	1.146444320678711	0.28229618072509766	0.011262655258178711	66	chimera
4	1.1352181434631348	0.48442673683166504	0.025281667709350586	71	chimera
4	3.6620380878448486	0.5383102893829346	0.0152130126953125	65	chimera
4	1.5526368618011475	0.4002218246459961	0.013098716735839844	72	chimera
4	1.401503086090088	0.4760863780975342	0.012707710266113281	67	chimera
4	1.3761343955993652	0.39636945724487305	0.01816082000732422	75	chimera
4	1.32582426071167	0.20179128646850586	0.019843101501464844	65	chimera
4	1.4364581108093262	0.48937129974365234	0.015350580215454102	71	chimera
4	1.2990679740905762	0.3448047637939453	0.015212774276733398	69	chimera
4	1.3566970825195312	0.44471240043640137	0.009397029876708984	67	chimera
4	2.776726484298706	0.26696157455444336	0.010601997375488281	65	chimera
4	1.3685448169708252	0.24491047859191895	0.00996541976928711	69	chimera
4	1.1365890502929688	0.282365083694458	0.010445117950439453	65	chimera
4	1.2057697772979736	0.3883504867553711	0.011149168014526367	67	chimera
4	1.1804108619689941	0.3200678825378418	0.009723186492919922	65	chimera
4	1.1672544479370117	0.24531888961791992	0.01201772689819336	70	chimera
4	1.3315351009368896	0.9059154987335205	0.009623527526855469	72	chimera
4	1.311342477798462	0.1923835277557373	0.009995460510253906	68	chimera
4	1.1976308822631836	0.24485254287719727	2.121568441390991	73	chimera
4	1.126272201538086	0.4432082176208496	0.011757135391235352	62	chimera
4	1.2130792140960693	0.27465200424194336	0.011551618576049805	62	chimera
4	1.2264912128448486	0.5082912445068359	0.012926101684570312	61	chimera
4	1.4733648300170898	0.32007455825805664	0.01918315887451172	71	chimera
4	1.5343315601348877	0.23093342781066895	0.01847982406616211	63	chimera
4	1.4412822723388672	0.22702288627624512	0.01472020149230957	70	chimera
4	1.2724123001098633	0.23908615112304688	0.015603065490722656	72	chimera
4	1.568786382675171	0.3863484859466553	0.02007770538330078	70	chimera
4	1.4525110721588135	0.17696022987365723	0.016542434692382812	72	chimera
4	1.479832649230957	0.5896642208099365	0.016709089279174805	67	chimera
4	1.2250959873199463	0.4111928939819336	0.012794733047485352	63	chimera
4	3.8959779739379883	0.19079351425170898	0.011575937271118164	65	chimera
4	1.2435033321380615	0.2861902713775635	0.014275550842285156	67	chimera
4	1.2538354396820068	0.26991820335388184	0.01070261001586914	73	chimera
4	1.3247878551483154	0.27376604080200195	0.015769481658935547	69	chimera
4	1.364673137664795	0.5712432861328125	0.016411781311035156	67	chimera
4	1.2384190559387207	0.29897189140319824	0.013501167297363281	76	chimera
4	1.2570459842681885	0.24097871780395508	0.013460636138916016	70	chimera
4	1.2653450965881348	0.3756890296936035	0.013906478881835938	65	chimera
4	1.3884246349334717	0.34296703338623047	0.015933513641357422	65	chimera
4	1.282982349395752	0.15019679069519043	0.012776613235473633	65	chimera
4	1.293219804763794	0.4917879104614258	0.009858131408691406	66	chimera
4	1.2786672115325928	0.20610666275024414	0.010973691940307617	71	chimera
4	1.2439401149749756	0.23050284385681152	0.011144399642944336	65	chimera
4	4.199508428573608	0.2758314609527588	0.008879423141479492	66	chimera
4	1.334791898727417	0.289233922958374	0.010476827621459961	63	chimera
4	1.288273572921753	0.5761268138885498	0.009135246276855469	63	chimera
4	1.3898632526397705	0.37302613258361816	0.0091705322265625	67	chimera
4	1.380906105041504	0.28780555725097656	0.013857841491699219	66	chimera
4	1.3877978324890137	0.2603156566619873	0.009921789169311523	66	chimera
4	1.2987103462219238	0.5284969806671143	0.010642051696777344	63	chimera
4	1.2176287174224854	0.25052642822265625	0.010228872299194336	64	chimera
4	1.3593850135803223	0.2746098041534424	0.009948015213012695	71	chimera
4	1.333249807357788	0.2127385139465332	0.012159585952758789	70	chimera
4	1.395181655883789	0.3066074848175049	0.012506961822509766	66	chimera
4	1.3449654579162598	0.3936185836791992	0.010377883911132812	77	chimera
4	1.282341480255127	0.19515752792358398	0.013113737106323242	65	chimera
4	1.3634612560272217	0.3527183532714844	0.013444900512695312	67	chimera
4	1.2926850318908691	0.16753125190734863	0.013193368911743164	63	chimera
4	1.6108901500701904	0.33283495903015137	0.010518789291381836	66	chimera
4	1.4782748222351074	0.13971972465515137	0.014254570007324219	69	chimera
4	5.165972948074341	0.18850922584533691	0.009836912155151367	72	chimera
4	1.4207699298858643	0.14665675163269043	0.011909961700439453	71	chimera
4	1.453505039215088	0.27342820167541504	0.013239383697509766	72	chimera
4	1.351761817932129	0.1965482234954834	0.012784481048583984	65	chimera
4	1.4235217571258545	0.37735509872436523	0.013579130172729492	66	chimera
4	1.3779332637786865	0.26284217834472656	0.012426614761352539	67	chimera
4	1.3249938488006592	0.4368617534637451	0.013216018676757812	75	chimera
4	1.3429701328277588	0.5028483867645264	0.011666059494018555	65	chimera
4	1.3959457874298096	0.22274208068847656	0.012708425521850586	72	chimera
4	1.3717458248138428	0.4325857162475586	0.01400899887084961	67	chimera
4	1.384389877319336	0.23615074157714844	0.012222528457641602	69	chimera
4	1.4310250282287598	0.3830587863922119	0.01183319091796875	69	chimera
4	1.3224120140075684	0.1921980381011963	0.015203237533569336	64	chimera
