n	qpu_t	find_embedding_t	FixedEmbedding_t	num_qubits	topology
30	1.281315803527832	1017.4408667087555	0.002195596694946289	0	chimera
30	1.0247924327850342	1015.3453903198242	0.0032579898834228516	0	chimera
30	1.1296720504760742	1011.1478989124298	0.0028629302978515625	0	chimera
30	1.1645276546478271	1007.0008952617645	0.002817392349243164	0	chimera
30	2.3365302085876465	1011.6714732646942	0.0028007030487060547	0	chimera
30	0.9408442974090576	1000.6167335510254	0.003023862838745117	0	chimera
30	1.0973882675170898	1014.2364480495453	0.002777099609375	0	chimera
30	1.201305866241455	1014.6174323558807	0.0028460025787353516	0	chimera
30	1.139054298400879	1010.5656073093414	0.002911806106567383	0	chimera
30	2.110194683074951	1010.2370066642761	0.0030472278594970703	0	chimera
30	3.5655367374420166	1014.1147179603577	0.003144502639770508	0	chimera
30	5.039115905761719	1008.2783255577087	0.0030417442321777344	0	chimera
30	3.881300687789917	1007.2712593078613	0.0028002262115478516	0	chimera
30	4.295974969863892	1015.0476984977722	0.0030832290649414062	0	chimera
30	4.299408197402954	1007.1743316650391	0.002985239028930664	0	chimera
30	5.423375844955444	1012.6719779968262	0.0028569698333740234	0	chimera
30	4.6600565910339355	1006.084742307663	0.0033800601959228516	0	chimera
30	4.377062797546387	1006.9630329608917	0.0029876232147216797	0	chimera
30	3.5873148441314697	1016.7854664325714	0.0029125213623046875	0	chimera
30	4.828728914260864	1011.4255790710449	0.0033953189849853516	0	chimera
30	5.943462133407593	1007.4620981216431	0.005658388137817383	0	chimera
30	1.021484136581421	1009.2283494472504	0.0029070377349853516	0	chimera
30	1.043609380722046	1010.501247882843	0.0029511451721191406	0	chimera
30	1.0065326690673828	1017.8167147636414	0.002897500991821289	0	chimera
30	1.5774784088134766	1010.4222695827484	0.003411531448364258	0	chimera
30	1.864912986755371	1017.4443745613098	0.003035306930541992	0	chimera
30	1.132028341293335	1010.3341062068939	0.0030388832092285156	0	chimera
30	1.0929181575775146	1008.9931287765503	0.00299835205078125	0	chimera
30	1.080859899520874	1009.5941064357758	0.002911806106567383	0	chimera
30	1.0620899200439453	1014.4321601390839	0.0033767223358154297	0	chimera
30	2.7150206565856934	1014.8412935733795	0.002809286117553711	0	chimera
30	1.929112195968628	1017.279135465622	0.003041505813598633	0	chimera
30	2.0061731338500977	1009.1827669143677	0.0030031204223632812	0	chimera
30	2.8676061630249023	1008.431734085083	0.002959012985229492	0	chimera
30	1.5847699642181396	1009.7752959728241	0.0033991336822509766	0	chimera
30	1.1869003772735596	1013.5440695285797	0.003069639205932617	0	chimera
30	1.9549229145050049	1014.6835947036743	0.0030510425567626953	0	chimera
30	2.0504419803619385	1012.9589664936066	0.0033462047576904297	0	chimera
30	2.9616196155548096	1014.5542137622833	0.0030837059020996094	0	chimera
30	1.9012174606323242	1014.2472214698792	0.0029382705688476562	0	chimera
30	2.0419764518737793	1014.2073605060577	0.0029659271240234375	0	chimera
30	1.1244261264801025	1012.6159515380859	0.0030069351196289062	0	chimera
30	1.9954934120178223	1010.7217626571655	0.0029234886169433594	0	chimera
30	1.1438097953796387	1013.0236978530884	0.0031435489654541016	0	chimera
30	2.0032947063446045	1009.3980460166931	0.003401041030883789	0	chimera
30	1.7447586059570312	1015.4668672084808	0.0030107498168945312	0	chimera
30	2.6800453662872314	1007.110072851181	0.0029218196868896484	0	chimera
30	1.6218929290771484	1010.5132632255554	0.0035021305084228516	0	chimera
30	1.0229065418243408	1007.2769458293915	0.003101348876953125	0	chimera
30	1.7366163730621338	1018.6188304424286	0.0029964447021484375	0	chimera
30	1.5102877616882324	1015.2067668437958	0.0030252933502197266	0	chimera
30	1.1057672500610352	1007.3383545875549	0.002917051315307617	0	chimera
30	1.7285878658294678	1012.5377037525177	0.002969503402709961	0	chimera
30	1.2064576148986816	1008.7798554897308	0.003014802932739258	0	chimera
30	1.0078392028808594	1012.2964329719543	0.0034017562866210938	0	chimera
30	1.0875682830810547	1014.3162264823914	0.0030171871185302734	0	chimera
30	1.9321939945220947	1013.5405128002167	0.002930879592895508	0	chimera
30	3.8063995838165283	1000.7274074554443	0.0028934478759765625	0	chimera
30	2.363187551498413	1011.9441933631897	0.0030486583709716797	0	chimera
30	2.0519285202026367	1009.5666160583496	0.002977609634399414	0	chimera
30	1.6841661930084229	1010.8068583011627	0.00319671630859375	0	chimera
30	1.693652629852295	1015.5206978321075	0.0033905506134033203	0	chimera
30	1.706531286239624	1006.9022319316864	0.003074169158935547	0	chimera
30	1.779240369796753	1013.5179300308228	0.0031015872955322266	0	chimera
30	4.169198989868164	1010.9635865688324	0.003064870834350586	0	chimera
30	2.8272361755371094	1010.4241397380829	0.0029418468475341797	0	chimera
30	14.820611000061035	1007.489889383316	0.003433704376220703	0	chimera
30	1.6923930644989014	1011.6404001712799	0.003095388412475586	0	chimera
30	3.561046838760376	1008.838544845581	0.0029535293579101562	0	chimera
30	1.8380019664764404	1014.6970436573029	0.002966165542602539	0	chimera
30	3.360551357269287	1011.3214983940125	0.002996683120727539	0	chimera
30	3.3999180793762207	1015.1251184940338	0.003377199172973633	0	chimera
30	3.290753126144409	1011.7842710018158	0.003021240234375	0	chimera
30	3.695218324661255	1015.1576116085052	0.0029764175415039062	0	chimera
30	3.491774797439575	1011.7206132411957	0.0030739307403564453	0	chimera
30	3.5293967723846436	1013.3850653171539	0.0029435157775878906	0	chimera
30	4.204643964767456	1014.9446737766266	0.003444194793701172	0	chimera
30	4.470453262329102	1010.5342483520508	0.0030498504638671875	0	chimera
30	4.2757885456085205	1015.1302628517151	0.003012418746948242	0	chimera
30	1.813826322555542	1008.1633217334747	0.0030760765075683594	0	chimera
30	1.7087557315826416	1010.7298994064331	0.002965211868286133	0	chimera
30	1.7144052982330322	1012.3172767162323	0.002986907958984375	0	chimera
30	14.654813289642334	1015.0234899520874	0.003219127655029297	0	chimera
30	3.3304178714752197	1020.268723487854	0.0034186840057373047	0	chimera
30	10.233294010162354	1009.0325181484222	0.0029654502868652344	0	chimera
30	13.841676950454712	1007.4544072151184	0.002980470657348633	0	chimera
30	18.298861265182495	1011.1555762290955	0.0030329227447509766	0	chimera
30	2.5043296813964844	1015.8246414661407	0.003070831298828125	0	chimera
30	14.683457374572754	1011.6317656040192	0.0035033226013183594	0	chimera
30	5.677204847335815	1012.7416958808899	0.002906322479248047	0	chimera
30	11.365448713302612	1008.7533123493195	0.0031735897064208984	0	chimera
30	11.549662590026855	1014.9612216949463	0.0030853748321533203	0	chimera
30	1.9264311790466309	1008.0735025405884	0.0031998157501220703	0	chimera
30	2.610675096511841	1016.4019620418549	0.0034906864166259766	0	chimera
30	1.8740766048431396	1014.0700240135193	0.0029473304748535156	0	chimera
30	1.7651159763336182	1010.3585345745087	0.003006458282470703	0	chimera
30	1.6573114395141602	1012.7264075279236	0.0029449462890625	0	chimera
30	1.6879582405090332	1011.5162882804871	0.003036975860595703	0	chimera
30	5.2002952098846436	1014.5691275596619	0.0035216808319091797	0	chimera
30	5.030024290084839	1016.2475385665894	0.003139019012451172	0	chimera
