n_4
1.7743899822235107
1.4170701503753662
1.5115556716918945
1.388925552368164
1.6769366264343262
1.615882158279419
1.1913976669311523
1.6348323822021484
1.3734402656555176
1.76841402053833
1.277312994003296
1.2168731689453125
1.91133713722229
1.2559304237365723
1.2719371318817139
2.0859546661376953
1.453406810760498
1.3013384342193604
1.2538938522338867
2.143167018890381
1.2368757724761963
1.3585669994354248
1.294403076171875
1.2759373188018799
2.378960132598877
1.381683111190796
1.20025634765625
1.3055179119110107
1.3281595706939697
2.7048864364624023
1.3317008018493652
1.3560163974761963
1.353539228439331
1.2609589099884033
1.3449532985687256
1.460944414138794
1.322263479232788
3.078112840652466
1.2919154167175293
1.3927059173583984
1.2818546295166016
1.4823887348175049
1.2769813537597656
1.206498384475708
1.296475887298584
1.3881239891052246
3.396676778793335
1.4920029640197754
1.419018030166626
1.4138917922973633
1.3950231075286865
1.2927610874176025
1.443300724029541
1.3795902729034424
1.4280173778533936
1.4214534759521484
1.313215732574463
4.038494825363159
1.2848751544952393
1.4786345958709717
1.4838066101074219
1.4011671543121338
1.5306386947631836
1.3848278522491455
1.3628935813903809
1.334280252456665
1.3541276454925537
1.3757760524749756
1.4496769905090332
1.3966054916381836
1.3121402263641357
4.6776299476623535
1.32639479637146
1.4308562278747559
1.935283899307251
1.3045861721038818
1.3372833728790283
1.3200945854187012
1.6800332069396973
1.5826210975646973
1.4806618690490723
1.3961563110351562
1.4302244186401367
1.6188993453979492
1.444887399673462
1.5643095970153809
1.5365185737609863
1.474862813949585
5.398338556289673
1.6387619972229004
1.4627444744110107
1.430917739868164
1.4416742324829102
1.3768210411071777
1.4466032981872559
1.3837008476257324
1.411254644393921
1.6413853168487549
1.4559903144836426
1.4128329753875732
1.465958595275879
1.4555258750915527
1.5352447032928467
1.4757275581359863
1.7936975955963135
1.7292087078094482
1.6860899925231934
1.4285573959350586
1.4959208965301514
1.441028356552124
6.410146236419678
1.373260259628296
1.6050190925598145
1.4499356746673584
1.5382027626037598
1.4551947116851807
1.6616795063018799
1.5892984867095947
1.5864994525909424
1.6377339363098145
1.5471975803375244
1.4948792457580566
1.4591615200042725
1.6454968452453613
1.6614856719970703
1.597367763519287
1.5857951641082764
1.750000238418579
1.6541862487792969
1.553520679473877
1.5339741706848145
1.6789050102233887
1.693443775177002
1.536879539489746
1.6157095432281494
2.0947320461273193
7.6146605014801025
1.6720755100250244
1.502288818359375
1.6536712646484375
1.551316261291504
1.5788507461547852
1.507648229598999
1.5841200351715088
1.5396246910095215
1.4820225238800049
1.6033430099487305
1.6247527599334717
1.5263094902038574
1.6400511264801025
1.7432920932769775
1.6871938705444336
1.5601229667663574
2.0073678493499756
1.5571343898773193
1.689455509185791
1.5779156684875488
1.6468620300292969
1.650902509689331
1.7399320602416992
1.7055957317352295
1.8118536472320557
1.95281982421875
2.0437636375427246
1.657273292541504
1.5839450359344482
1.6914896965026855
1.6161317825317383
1.779984712600708
10.048812627792358
1.749924898147583
1.8300986289978027
1.65867280960083
1.6532938480377197
1.7308096885681152
1.801849126815796
1.8010833263397217
1.78175687789917
1.7704284191131592
1.87821626663208
1.7874274253845215
1.777897834777832
2.074089527130127
1.9321515560150146
1.7355332374572754
1.781287431716919
1.9207329750061035
1.9118847846984863
1.856811761856079
1.812683343887329
1.6867702007293701
1.8407034873962402
1.7273333072662354
1.6942026615142822
1.6342780590057373
1.653151035308838
1.7719652652740479
1.8487293720245361
1.783517837524414
1.7403428554534912
1.7350819110870361
1.7978804111480713
1.9003045558929443
1.8833329677581787
1.7771923542022705
1.6453425884246826
1.6701061725616455
1.7793679237365723
1.7618656158447266
11.397009134292603
1.7751505374908447
1.7563931941986084
2.1031670570373535
1.812117099761963
1.9728984832763672
1.8739750385284424
1.9127140045166016
1.7761521339416504
1.7219536304473877
1.8058009147644043
2.383941411972046
1.7171227931976318
1.7316844463348389
1.7261133193969727
1.8998327255249023
1.7854804992675781
1.8028419017791748
1.9051108360290527
1.694941759109497
2.07820987701416
2.441361904144287
1.994964838027954
1.631469964981079
1.741744041442871
1.746288537979126
1.79915452003479
1.7744829654693604
1.793560266494751
1.8269281387329102
1.7409541606903076
1.9334094524383545
1.8138511180877686
1.8258895874023438
2.053982973098755
1.7558305263519287
1.9952445030212402
2.093411922454834
1.9026849269866943
1.77384352684021
1.8487446308135986
1.843043565750122
1.7636990547180176
1.7825322151184082
1.9466698169708252
1.870258092880249
