n_4
3.2539689540863037
1.9936587810516357
1.7700936794281006
2.0583291053771973
2.155698776245117
2.28322434425354
1.7407398223876953
2.198620319366455
1.542268991470337
2.227461338043213
1.800827980041504
1.913933515548706
2.6769559383392334
1.7735326290130615
1.6039252281188965
2.918876886367798
1.8127658367156982
1.7076680660247803
1.9058940410614014
3.085116147994995
1.753697156906128
1.7974414825439453
1.7317180633544922
2.0673835277557373
3.448105573654175
1.8151304721832275
1.8376028537750244
2.51965069770813
1.7871592044830322
3.946723222732544
1.8675951957702637
1.955104112625122
1.7662928104400635
1.8016340732574463
2.139866352081299
2.4612748622894287
1.985191822052002
4.3432464599609375
2.0998218059539795
1.9939677715301514
1.9535942077636719
2.126919984817505
1.869370698928833
2.0880203247070312
1.7517032623291016
1.9220409393310547
4.702782869338989
2.183189868927002
1.941429615020752
2.0358388423919678
1.916222095489502
1.7220520973205566
1.4581587314605713
1.4476890563964844
1.9158711433410645
1.4144995212554932
1.3817002773284912
3.8182621002197266
1.3599820137023926
1.4060766696929932
1.3704438209533691
1.3785457611083984
1.4703149795532227
1.358381986618042
1.5988423824310303
1.501124620437622
1.46742582321167
1.5271949768066406
1.4630107879638672
1.5780951976776123
1.7296457290649414
5.300166606903076
1.4853196144104004
1.4847009181976318
1.4294190406799316
1.4946999549865723
1.521622657775879
1.4508967399597168
1.4543161392211914
1.4252712726593018
1.5907938480377197
1.493368148803711
1.4022934436798096
1.3496816158294678
1.4314923286437988
1.3140084743499756
1.4178135395050049
1.2948813438415527
5.275814533233643
1.6464018821716309
1.440910816192627
1.5338928699493408
1.5446054935455322
1.5947496891021729
1.5713446140289307
1.6158990859985352
1.5973267555236816
1.5440516471862793
1.4532873630523682
1.5208227634429932
1.4726054668426514
1.6213390827178955
1.7122936248779297
1.610149621963501
1.6762652397155762
1.5168213844299316
1.4766252040863037
1.5050950050354004
1.3843193054199219
1.4120807647705078
6.4786763191223145
1.6466381549835205
1.5346810817718506
1.5390353202819824
1.7884016036987305
1.5559287071228027
1.4529953002929688
1.4989120960235596
2.0608901977539062
1.4716241359710693
1.534724473953247
1.6173171997070312
1.545356273651123
1.53959059715271
1.6252946853637695
1.502586841583252
1.5794322490692139
1.5419158935546875
1.5801360607147217
1.6134417057037354
1.9975132942199707
1.654583215713501
1.535188913345337
1.533811330795288
1.641960859298706
1.6351768970489502
7.693807125091553
1.8224060535430908
1.6272404193878174
1.5359642505645752
1.6427240371704102
1.6886122226715088
1.6555395126342773
1.7555923461914062
1.7058384418487549
1.9629290103912354
1.931196689605713
1.6914045810699463
1.61639404296875
1.5929219722747803
1.6141512393951416
1.6484038829803467
1.7215306758880615
1.6667110919952393
1.6743731498718262
1.6130361557006836
1.6671247482299805
1.7246997356414795
1.63511061668396
1.6989331245422363
1.6633579730987549
1.7302112579345703
1.7095463275909424
1.5474021434783936
1.652468204498291
1.689847707748413
1.696831464767456
1.6233487129211426
1.768538475036621
9.285062074661255
1.7729947566986084
1.7490370273590088
1.836355209350586
1.7223718166351318
1.8796141147613525
1.7149746417999268
1.8156728744506836
1.915391206741333
1.790726900100708
1.836418628692627
1.7058892250061035
1.7823307514190674
2.0362346172332764
1.9214534759521484
1.8321881294250488
1.8136863708496094
1.7257721424102783
1.9305429458618164
1.8109767436981201
1.8045556545257568
1.7955427169799805
1.6872789859771729
1.7191061973571777
1.9810757637023926
1.7457554340362549
1.9785645008087158
1.807521104812622
1.8200485706329346
1.9467742443084717
1.9512560367584229
2.3410117626190186
1.9934370517730713
1.8659121990203857
1.7891335487365723
2.11517071723938
1.912921667098999
1.8142783641815186
1.6879196166992188
1.802042007446289
11.876106262207031
1.7597858905792236
1.824664831161499
1.8201055526733398
1.7818677425384521
1.6602342128753662
1.8591246604919434
1.873781681060791
1.741133689880371
1.8682148456573486
1.8948607444763184
1.8566417694091797
1.6890428066253662
1.9103858470916748
1.837822437286377
1.796020746231079
1.7800195217132568
1.9931654930114746
2.023984432220459
1.8814074993133545
1.81783127784729
1.9254481792449951
1.985630750656128
1.924971342086792
1.8150839805603027
1.8392574787139893
1.8489441871643066
1.910742998123169
1.7654738426208496
1.7909603118896484
1.8095548152923584
2.2819762229919434
1.8547303676605225
1.8468084335327148
2.0790181159973145
1.8899257183074951
2.044524669647217
1.8473122119903564
1.8924648761749268
1.9434568881988525
1.8553123474121094
1.818556785583496
1.8423817157745361
1.927826166152954
1.825789213180542
2.1003546714782715
