n_4
2.740053176879883
2.3312058448791504
2.0278635025024414
2.321075916290283
2.5091989040374756
1.6866846084594727
1.2157058715820312
1.8204584121704102
1.376784086227417
1.977555274963379
1.392369270324707
1.4155690670013428
2.2126235961914062
1.4784374237060547
1.37815523147583
2.2378990650177
1.4446120262145996
1.4784369468688965
1.4476003646850586
2.331115484237671
1.5479776859283447
1.653275489807129
1.4963319301605225
1.3826944828033447
2.874627113342285
1.3834121227264404
1.583240032196045
1.590306043624878
1.3994674682617188
3.5716989040374756
1.663712739944458
1.6130940914154053
1.6073486804962158
1.4263150691986084
1.4289634227752686
1.5503325462341309
1.3711166381835938
3.371755361557007
1.4886772632598877
1.3754205703735352
1.5003845691680908
1.3561358451843262
1.4373102188110352
1.5169720649719238
1.5136921405792236
1.6487691402435303
3.9109206199645996
1.4982943534851074
1.3643453121185303
1.4170067310333252
1.9537811279296875
1.709543228149414
1.5578093528747559
1.6954364776611328
1.5008342266082764
1.5300323963165283
1.8343114852905273
4.275716304779053
1.6779296398162842
1.544679880142212
1.6253774166107178
1.7802555561065674
1.4708373546600342
1.5812413692474365
1.7621159553527832
1.4222142696380615
1.4994397163391113
1.5915863513946533
1.4418120384216309
1.7804443836212158
1.5657970905303955
4.839736223220825
1.7599995136260986
1.5813281536102295
1.4806344509124756
1.6977922916412354
1.5059263706207275
1.4564988613128662
1.6522104740142822
1.5432839393615723
1.5484588146209717
1.4410371780395508
1.5461604595184326
1.6204934120178223
1.5088920593261719
1.5359447002410889
1.6882212162017822
1.6113388538360596
5.850937366485596
1.6694378852844238
1.443655014038086
1.7294340133666992
1.7379701137542725
1.656829595565796
1.8253462314605713
1.5687305927276611
1.4782993793487549
1.5258195400238037
1.7473819255828857
1.5819995403289795
1.7402870655059814
1.6610379219055176
1.5478465557098389
1.6036386489868164
1.5209720134735107
1.697997808456421
1.546874761581421
1.4492051601409912
1.841393232345581
1.6959130764007568
7.239192247390747
1.7623884677886963
1.657332181930542
1.7030389308929443
1.6781325340270996
1.6651482582092285
1.7829697132110596
1.7973501682281494
1.8149993419647217
1.4894826412200928
1.554441213607788
1.6433112621307373
1.5941779613494873
1.7572760581970215
1.682762622833252
1.6670684814453125
1.762906551361084
1.6723902225494385
1.6170635223388672
1.8516075611114502
1.661806583404541
1.7075393199920654
1.8261795043945312
1.7956035137176514
1.8169662952423096
1.7256968021392822
7.840376615524292
1.6832478046417236
1.7801363468170166
1.7966017723083496
1.7099857330322266
1.7394652366638184
1.8689658641815186
1.6810836791992188
1.8355460166931152
1.6343872547149658
1.6064305305480957
1.6559405326843262
1.6440417766571045
1.6774945259094238
1.827620029449463
1.664468765258789
1.690305233001709
1.70139741897583
1.7516429424285889
1.7054178714752197
1.6037061214447021
1.5835180282592773
1.7655611038208008
1.730724811553955
1.542792797088623
1.8588979244232178
2.2118303775787354
2.533400774002075
3.0772087574005127
2.6379523277282715
2.9431071281433105
2.6961143016815186
2.5860111713409424
12.052066564559937
1.8129143714904785
1.845111608505249
1.8535685539245605
1.7061147689819336
1.7664167881011963
1.6626412868499756
1.63785719871521
1.7210681438446045
1.7211077213287354
1.682218074798584
1.656651496887207
1.9273407459259033
2.026329755783081
1.6769158840179443
1.8872878551483154
1.8673012256622314
1.9667267799377441
1.8663837909698486
1.947587490081787
1.7129943370819092
1.7310359477996826
1.9391751289367676
1.9210619926452637
1.7594106197357178
1.812662124633789
1.7573134899139404
1.7439324855804443
1.7284560203552246
1.68668794631958
1.9330439567565918
1.7462859153747559
2.059427499771118
1.6787898540496826
1.9039649963378906
1.8971686363220215
1.6954286098480225
1.9302642345428467
1.6861567497253418
1.6280510425567627
11.378494501113892
1.8835022449493408
1.9052088260650635
1.9376890659332275
1.962033748626709
2.01359486579895
1.8604435920715332
1.8980369567871094
1.8399815559387207
1.790060043334961
1.8925411701202393
1.7351500988006592
1.962867021560669
1.7667903900146484
2.0507500171661377
1.8727688789367676
1.8096966743469238
1.9348936080932617
1.8740723133087158
1.9399633407592773
2.0489501953125
1.820894718170166
1.860841989517212
2.0225205421447754
2.0487380027770996
1.8846063613891602
2.172048807144165
2.0749573707580566
2.2688941955566406
1.940720796585083
1.806227207183838
1.8549401760101318
1.9631962776184082
1.7853188514709473
1.9273881912231445
1.9459419250488281
1.9329559803009033
2.0035452842712402
2.115298271179199
2.0449328422546387
2.152689218521118
2.0456206798553467
1.861638069152832
2.0056850910186768
1.8484461307525635
1.872187614440918
