n_4
1.943711519241333
1.4041614532470703
1.5026874542236328
1.6869077682495117
1.4522747993469238
1.59991455078125
1.186980962753296
1.6201260089874268
1.1839489936828613
1.8661198616027832
1.252894639968872
1.390488862991333
1.9963631629943848
1.220149278640747
1.1993048191070557
2.0532307624816895
1.3860173225402832
1.361292839050293
1.215663194656372
2.2186520099639893
1.1824240684509277
1.3320801258087158
1.2897403240203857
1.5026123523712158
2.4037208557128906
1.2596895694732666
1.4462559223175049
1.219247817993164
1.3275647163391113
2.6654739379882812
1.2914862632751465
1.2509911060333252
1.2139043807983398
1.275954008102417
1.3177387714385986
1.2583236694335938
1.3063678741455078
2.9826910495758057
1.3780670166015625
1.3934290409088135
1.317652940750122
1.5090103149414062
1.6280677318572998
1.2842004299163818
1.3338189125061035
1.2797205448150635
3.515737295150757
1.343637228012085
1.3130886554718018
1.3076906204223633
1.2923505306243896
1.4381704330444336
1.3516449928283691
1.2639353275299072
1.3993275165557861
1.3467669486999512
1.6379225254058838
4.2376227378845215
1.4362499713897705
1.5739195346832275
1.343231439590454
1.807450532913208
1.365861177444458
1.5506911277770996
1.3284523487091064
1.5091307163238525
1.3847708702087402
1.4580903053283691
1.499119758605957
1.4547982215881348
1.4607584476470947
4.487585783004761
1.5017566680908203
1.4461233615875244
1.3619680404663086
1.4517128467559814
1.8344173431396484
1.4109535217285156
1.4273598194122314
1.3042542934417725
1.473151683807373
1.3740453720092773
1.4350016117095947
1.3742668628692627
1.596632480621338
1.5128631591796875
1.515981912612915
1.592599868774414
5.3841938972473145
1.3958814144134521
1.4369726181030273
1.5085501670837402
1.51910400390625
1.4966061115264893
1.5147171020507812
1.4872410297393799
1.587653636932373
1.5858173370361328
1.5026979446411133
1.5555942058563232
1.7391877174377441
1.490906000137329
1.3966927528381348
1.5517804622650146
1.457134485244751
1.5076217651367188
1.5641193389892578
1.4198360443115234
1.4969513416290283
1.4911298751831055
6.333189010620117
1.5955071449279785
1.4720468521118164
1.6129531860351562
1.4315807819366455
1.5513546466827393
1.556218147277832
1.6692588329315186
1.47495698928833
1.552720308303833
1.4917349815368652
1.6368310451507568
1.6156666278839111
1.5958282947540283
1.5385487079620361
1.5725817680358887
1.639688491821289
1.547226905822754
1.6326401233673096
1.6572177410125732
1.7885961532592773
1.8476324081420898
2.138014554977417
2.1791188716888428
2.1307148933410645
2.0841400623321533
8.055259704589844
1.7516350746154785
1.5214316844940186
1.6850457191467285
1.8825886249542236
1.562009572982788
1.5752997398376465
1.7184584140777588
1.5326478481292725
1.6541073322296143
1.7099595069885254
1.8455519676208496
1.5374500751495361
1.5179262161254883
1.6003222465515137
1.5372612476348877
1.557600975036621
1.69484281539917
1.5619869232177734
1.5088424682617188
1.547696590423584
1.6161344051361084
1.966155767440796
1.5400664806365967
1.6111114025115967
1.6086595058441162
1.6359574794769287
1.737588882446289
1.639357328414917
1.6536993980407715
1.7369475364685059
1.6561059951782227
1.5897846221923828
9.583497047424316
1.830108404159546
1.8876302242279053
1.7838542461395264
1.8099987506866455
1.5895869731903076
1.7583537101745605
1.7273683547973633
1.7330095767974854
1.8058624267578125
1.8415918350219727
1.847182035446167
1.8016908168792725
1.79789137840271
1.8469922542572021
1.7958381175994873
1.833195447921753
1.8026118278503418
1.689558506011963
1.8035414218902588
1.848961353302002
1.849628210067749
1.8048100471496582
1.9681272506713867
1.7144625186920166
2.246020793914795
1.6033878326416016
1.6937658786773682
1.5569531917572021
1.610252857208252
1.6302287578582764
1.7255730628967285
1.7142837047576904
1.606029987335205
1.7430839538574219
1.7463412284851074
1.9281249046325684
1.8552210330963135
1.7131555080413818
1.6758291721343994
10.981034517288208
1.7211430072784424
1.8536603450775146
1.7426908016204834
1.7361760139465332
1.835444688796997
1.643822193145752
1.7787506580352783
1.7652781009674072
1.940037727355957
1.922696828842163
1.8649001121520996
1.9007930755615234
1.818995475769043
1.8666737079620361
1.8084852695465088
1.7291450500488281
1.7101807594299316
1.6981282234191895
1.8724737167358398
1.8241231441497803
1.7708039283752441
1.6948375701904297
1.6998798847198486
1.7400567531585693
1.6580078601837158
1.8738017082214355
1.8127665519714355
1.7961256504058838
1.9477639198303223
1.7243983745574951
1.8623011112213135
1.8228702545166016
1.7159664630889893
1.8177595138549805
2.1165518760681152
1.771562099456787
1.9068727493286133
1.820085048675537
1.8181018829345703
1.8699777126312256
1.7940640449523926
1.8472933769226074
1.866732120513916
1.973628044128418
