    0  1  2  3  4  5  6  7  8  9 10 11 12 13 14 15 energy num_oc. chain_.
0   0  0  1  0  1  0  0  0  0  0  0  1  0  1  0  0   -8.0      38     0.0
1   0  1  0  0  0  0  0  1  1  0  0  0  0  0  1  0   -8.0      72     0.0
2   0  0  1  0  0  0  0  0  0  0  0  1  1  0  0  0   -6.0       3     0.0
3   0  0  1  0  0  0  0  0  0  1  0  0  0  0  0  1   -6.0       1     0.0
4   0  0  1  0  0  0  0  0  0  0  0  1  1  1  0  0   -6.0       2     0.0
5   0  0  1  0  1  0  0  0  0  1  0  0  0  0  0  1   -6.0       1     0.0
6   0  1  0  0  0  0  0  1  0  0  0  0  1  0  1  0   -6.0       1     0.0
7   0  0  0  1  0  0  0  1  1  0  0  0  0  0  1  0   -6.0       1     0.0
8   1  1  0  0  0  0  0  1  0  0  0  0  0  0  1  0   -6.0       1     0.0
9   0  0  1  0  1  0  0  0  0  0  0  1  0  0  0  0   -6.0       2     0.0
10  0  1  0  0  0  0  0  1  0  0  0  0  1  0  0  0   -6.0       3     0.0
11  0  0  0  1  0  1  0  0  0  0  0  0  0  0  1  0   -6.0       1     0.0
12  1  0  0  0  0  0  0  1  0  1  0  0  0  0  1  0   -6.0       2     0.0
13  1  1  0  0  0  0  0  1  1  0  0  0  0  0  1  0   -6.0       1     0.0
14  0  0  0  1  1  0  0  0  0  0  0  1  0  1  0  0   -6.0       2     0.0
15  0  1  0  0  0  0  0  1  0  0  1  0  1  0  0  0   -6.0       2     0.0
16  0  1  0  1  0  0  0  1  1  0  0  0  0  0  1  0   -6.0       1     0.0
17  0  0  1  1  1  0  0  0  0  0  0  1  0  1  0  0   -6.0       3     0.0
18  0  1  0  0  0  0  0  1  1  0  0  0  0  0  1  1   -6.0       2     0.0
19  0  0  0  1  0  0  0  0  1  0  0  0  0  0  1  0   -6.0       3     0.0
20  0  0  0  1  1  0  0  0  0  0  0  0  0  1  0  0   -6.0       2     0.0
21  1  0  1  0  0  0  0  0  0  0  0  1  0  1  0  0   -6.0       2     0.0
22  0  1  0  0  0  0  0  0  0  0  1  0  1  0  0  0   -6.0       2     0.0
23  0  1  0  0  0  0  0  1  1  0  0  0  1  0  0  0   -6.0       1     0.0
24  1  0  1  0  1  0  0  0  0  0  0  1  0  1  0  0   -6.0       3     0.0
25  0  0  0  1  1  0  0  0  0  0  1  0  0  0  0  0   -6.0       3     0.0
26  0  1  0  0  0  0  0  1  1  0  0  0  1  0  1  0   -6.0       2     0.0
27  0  0  1  1  1  0  0  0  0  0  0  0  0  1  0  0   -6.0       1     0.0
28  0  0  0  1  0  1  0  0  1  0  0  0  0  0  1  0   -6.0       3     0.0
29  0  1  0  0  0  0  1  0  1  0  0  0  0  0  0  1   -6.0       2     0.0
30  0  1  0  0  0  0  0  0  1  0  0  0  0  0  1  1   -6.0       8     0.0
31  1  0  0  0  0  0  1  0  0  0  0  1  0  1  0  0   -6.0       2     0.0
32  1  0  0  0  0  0  1  0  0  0  0  0  0  1  0  0   -6.0       1     0.0
33  0  0  0  1  1  0  0  0  0  0  1  0  0  1  0  0   -6.0       1     0.0
34  0  0  1  0  1  0  0  0  0  0  0  0  0  0  0  1   -6.0       1     0.0
35  0  0  1  0  1  0  0  0  0  0  0  1  0  0  0  1   -6.0       3     0.0
36  1  0  0  0  0  0  0  0  0  0  0  1  0  1  0  0   -6.0       2     0.0
37  0  1  0  1  0  0  0  0  1  0  0  0  0  0  1  0   -6.0       2     0.0
38  0  1  0  0  0  0  0  0  1  0  0  0  0  0  0  1   -6.0       3     0.0
39  0  1  0  0  0  0  0  0  1  0  0  0  0  0  1  0   -6.0       2     0.0
40  0  0  1  0  1  0  0  0  0  0  0  0  0  1  0  1   -6.0       2     0.0
49  0  1  0  0  0  0  0  1  1  0  0  0  0  0  0  1   -6.0       1  0.0625
41  1  1  0  0  0  0  0  1  0  1  0  0  0  0  1  0   -4.0       1     0.0
42  0  0  0  0  0  1  0  1  0  0  0  0  1  0  1  0   -4.0       1     0.0
43  0  0  0  0  0  1  0  0  0  0  0  0  1  0  0  0   -4.0       1     0.0
44  0  0  0  1  0  0  0  0  0  0  0  0  0  0  1  0   -4.0       1     0.0
45  1  0  0  1  0  0  0  0  0  0  0  0  0  1  0  0   -4.0       1     0.0
46  1  0  0  1  0  0  0  0  0  0  0  0  0  1  1  0   -4.0       1     0.0
47  1  0  0  0  0  0  0  1  0  0  0  0  0  1  1  0   -4.0       1     0.0
48  0  0  0  1  1  0  0  0  0  0  1  0  0  0  1  0   -4.0       1     0.0
50  1  0  0  0  0  0  1  0  0  1  0  0  0  1  0  1   -2.0       1     0.0
['BINARY', 51 rows, 200 samples, 16 variables]