     0  1  2  3  4  5  6  7  8  9 10 11 12 13 14 15 ... 24 energy num_oc. ...
0    0  0  0  0  1  0  0  1  0  0  1  0  0  0  0  0 ...  0  -10.0       7 ...
1    0  0  0  0  1  0  1  0  0  0  0  0  0  1  0  1 ...  0  -10.0       2 ...
2    0  1  0  0  0  0  0  0  0  1  0  0  1  0  0  1 ...  0  -10.0       1 ...
3    0  0  1  0  0  1  0  0  0  0  0  0  0  1  0  0 ...  1  -10.0      24 ...
4    0  0  1  0  0  0  0  0  0  1  0  1  0  0  0  0 ...  0  -10.0       1 ...
5    1  0  0  0  0  0  0  1  0  0  0  0  0  0  1  0 ...  0  -10.0       5 ...
6    0  1  0  0  0  0  0  0  1  0  1  0  0  0  0  0 ...  1  -10.0       5 ...
7    0  0  0  1  0  0  1  0  0  0  0  0  0  0  1  0 ...  0  -10.0       2 ...
8    0  0  0  0  1  0  1  0  0  0  0  0  0  1  0  1 ...  0  -10.0       1 ...
9    0  0  0  1  0  0  1  0  0  0  0  0  0  0  1  0 ...  0  -10.0       1 ...
10   0  0  0  0  1  0  0  1  0  0  1  0  0  0  0  0 ...  0   -8.0       2 ...
11   0  0  1  0  0  0  0  0  0  0  0  0  0  1  0  1 ...  1   -8.0       3 ...
12   0  0  0  0  0  0  0  1  0  0  1  0  0  0  0  0 ...  0   -8.0       1 ...
13   0  0  1  0  0  0  0  0  0  0  0  0  0  1  0  1 ...  1   -8.0      11 ...
14   0  0  1  0  0  0  0  0  0  0  0  0  0  1  0  0 ...  1   -8.0       4 ...
15   0  0  0  0  1  0  0  0  0  0  1  0  0  0  0  0 ...  0   -8.0       3 ...
16   0  0  0  0  1  0  0  1  0  0  1  0  0  0  0  0 ...  0   -8.0       1 ...
17   0  0  0  0  1  0  0  1  0  0  0  0  0  0  0  0 ...  0   -8.0       1 ...
18   1  0  0  0  0  0  0  1  0  0  0  0  0  0  1  0 ...  0   -8.0       1 ...
19   0  0  0  1  0  1  0  0  0  0  0  0  0  0  1  0 ...  0   -8.0       1 ...
20   1  0  0  0  0  0  0  0  0  1  0  0  0  0  1  0 ...  0   -8.0       1 ...
21   1  0  0  0  0  0  0  1  0  1  0  0  0  0  1  0 ...  0   -8.0       1 ...
22   0  0  0  1  0  1  0  0  0  0  0  0  0  0  0  0 ...  1   -8.0       1 ...
23   0  0  0  0  0  0  1  0  0  0  0  0  0  1  0  1 ...  0   -8.0       1 ...
24   1  0  0  0  0  0  0  1  0  0  0  0  0  0  1  0 ...  0   -8.0       1 ...
25   1  0  0  0  0  0  0  1  0  0  0  0  0  0  1  0 ...  0   -8.0       1 ...
26   0  0  0  0  1  0  0  1  0  0  1  0  0  0  0  0 ...  0   -8.0       1 ...
27   0  1  0  0  0  0  0  0  0  1  1  0  0  0  0  1 ...  0   -8.0       1 ...
28   0  0  0  0  0  1  0  0  0  0  0  0  0  1  0  0 ...  1   -8.0       3 ...
29   0  0  1  0  0  1  0  0  0  0  0  0  0  0  0  0 ...  1   -8.0       2 ...
30   0  0  0  1  0  1  0  0  0  0  0  0  0  0  1  0 ...  0   -8.0       1 ...
31   0  0  1  1  0  1  0  0  0  0  0  0  0  0  0  0 ...  1   -8.0       2 ...
32   0  0  0  1  0  1  0  0  0  0  0  0  0  0  0  0 ...  0   -8.0       1 ...
33   1  0  0  0  0  0  0  0  0  1  0  1  0  0  0  0 ...  0   -8.0       1 ...
34   0  0  1  0  0  0  0  0  0  0  0  0  0  1  0  1 ...  1   -8.0       1 ...
35   0  0  0  0  1  0  0  1  0  0  1  0  0  0  0  0 ...  0   -8.0       1 ...
36   0  1  0  0  0  0  0  0  0  0  0  0  0  0  1  0 ...  0   -8.0       1 ...
37   0  0  1  0  0  1  0  0  0  0  0  0  0  0  0  0 ...  0   -8.0       2 ...
38   0  0  0  0  1  0  1  0  0  0  0  0  0  1  0  1 ...  0   -8.0       2 ...
39   1  0  1  0  0  0  0  0  0  1  0  0  0  0  0  0 ...  0   -8.0       2 ...
40   0  1  0  0  0  0  0  0  1  0  0  0  0  0  0  1 ...  1   -8.0       1 ...
41   0  0  1  0  0  1  0  0  0  0  0  0  0  1  0  1 ...  1   -8.0       2 ...
42   0  1  0  0  0  0  0  0  0  1  0  0  0  0  0  1 ...  0   -8.0       1 ...
43   1  0  0  0  0  0  0  0  1  0  0  0  0  0  0  0 ...  0   -8.0       1 ...
44   0  0  0  0  1  1  0  0  0  0  0  0  0  0  0  0 ...  0   -8.0       1 ...
45   0  0  0  1  0  0  1  0  0  0  0  0  0  0  0  0 ...  0   -8.0       1 ...
46   0  0  1  0  0  1  0  0  0  0  0  0  0  0  0  0 ...  0   -8.0       2 ...
47   0  0  0  1  0  0  1  0  0  0  0  0  0  0  1  0 ...  0   -8.0       1 ...
48   1  0  0  0  0  0  0  1  0  0  0  0  0  0  1  0 ...  0   -8.0       2 ...
49   0  0  0  0  1  0  1  0  0  0  0  0  0  0  0  1 ...  0   -8.0       1 ...
50   0  0  1  0  0  1  0  0  0  0  0  0  0  0  0  0 ...  0   -8.0       1 ...
51   0  0  0  0  1  0  0  1  0  0  1  0  0  0  0  0 ...  0   -8.0       1 ...
52   0  0  0  1  0  0  0  0  1  0  1  0  0  0  0  0 ...  0   -8.0       1 ...
53   0  0  0  1  0  1  0  0  0  0  1  0  0  0  0  0 ...  0   -8.0       1 ...
54   0  0  1  0  0  0  0  0  0  1  0  0  0  0  0  1 ...  0   -8.0       1 ...
55   0  0  1  0  0  0  0  0  0  1  0  0  0  0  0  0 ...  0   -8.0       1 ...
56   0  1  0  0  0  0  0  0  1  0  0  0  0  0  0  1 ...  1   -8.0       1 ...
57   0  0  0  1  0  1  0  0  0  0  0  0  0  0  0  0 ...  0   -8.0       1 ...
58   0  0  0  0  0  0  1  0  0  0  0  0  0  0  1  0 ...  0   -8.0       1 ...
59   0  0  0  1  0  0  1  0  0  0  0  0  0  0  0  0 ...  0   -8.0       1 ...
60   0  0  0  1  0  0  1  0  0  0  0  0  0  0  0  0 ...  0   -8.0       1 ...
61   0  0  0  0  1  1  0  0  0  0  0  0  0  0  0  0 ...  0   -8.0       1 ...
66   0  0  0  1  0  1  1  0  0  0  0  0  0  0  0  0 ...  0   -8.0       1 ...
70   0  0  1  0  0  0  0  0  0  0  0  0  0  1  0  1 ...  1   -8.0       1 ...
71   0  0  1  0  0  0  0  0  0  0  0  0  0  1  0  0 ...  1   -8.0       1 ...
106  0  0  1  0  0  0  0  0  0  0  0  0  0  1  0  1 ...  1   -8.0       1 ...
111  0  0  1  0  0  0  0  0  0  1  0  0  0  0  0  1 ...  0   -8.0       1 ...
63   0  0  0  1  0  0  0  1  0  0  1  0  0  0  1  0 ...  0   -6.0       2 ...
64   0  0  0  1  0  0  0  1  0  0  0  0  0  0  1  0 ...  0   -6.0       2 ...
65   0  0  0  0  0  0  0  0  0  0  0  0  0  1  0  1 ...  1   -6.0       1 ...
67   0  0  0  1  0  0  0  1  0  0  1  0  0  0  0  0 ...  0   -6.0       1 ...
68   0  0  0  1  0  0  0  0  0  0  1  0  0  0  0  0 ...  0   -6.0       1 ...
69   0  0  0  1  0  0  0  0  0  0  0  0  0  0  0  0 ...  0   -6.0       1 ...
72   1  0  0  0  0  0  0  0  1  0  1  0  0  0  0  0 ...  0   -6.0       1 ...
73   1  0  0  0  0  0  0  1  0  0  0  0  0  1  0  0 ...  0   -6.0       1 ...
74   0  0  0  1  0  1  0  0  0  0  0  0  0  0  1  0 ...  0   -6.0       1 ...
75   0  0  0  1  0  0  1  0  0  0  1  0  0  0  1  0 ...  0   -6.0       1 ...
76   1  0  0  0  0  0  1  0  0  0  0  0  0  0  1  0 ...  0   -6.0       1 ...
77   1  0  0  1  0  1  0  0  0  0  0  0  0  0  1  0 ...  0   -6.0       1 ...
78   0  1  0  0  0  0  0  0  0  0  0  0  0  0  1  1 ...  0   -6.0       1 ...
79   1  0  0  0  0  0  0  0  1  0  0  0  0  0  0  0 ...  0   -6.0       1 ...
80   1  0  1  0  0  1  0  0  0  0  0  0  0  0  0  0 ...  0   -6.0       1 ...
81   0  0  1  0  0  1  0  0  0  0  0  0  0  1  0  0 ...  0   -6.0       1 ...
82   0  0  0  0  0  0  0  1  1  0  1  0  0  0  0  0 ...  0   -6.0       1 ...
83   1  0  0  0  0  0  0  0  0  1  0  1  0  0  0  0 ...  0   -6.0       1 ...
84   1  0  0  0  0  0  0  0  0  1  1  0  0  0  0  0 ...  0   -6.0       1 ...
85   0  0  0  0  0  0  0  0  1  0  1  0  0  0  0  1 ...  1   -6.0       2 ...
86   0  0  0  1  0  0  1  0  0  0  0  0  0  0  1  1 ...  0   -6.0       1 ...
87   0  1  0  0  0  0  0  0  0  0  0  0  0  0  1  1 ...  1   -6.0       1 ...
88   0  0  1  0  0  1  0  0  0  0  1  0  0  0  0  0 ...  0   -6.0       1 ...
89   0  0  0  0  0  0  1  0  0  1  0  0  0  0  0  1 ...  0   -6.0       1 ...
90   0  1  0  0  0  0  0  1  0  0  1  0  0  0  0  0 ...  0   -6.0       1 ...
91   0  0  1  0  0  0  0  0  0  0  0  1  0  1  0  0 ...  1   -6.0       1 ...
92   0  0  0  1  0  0  1  0  0  0  0  0  0  0  0  0 ...  0   -6.0       1 ...
93   0  0  0  0  0  0  0  0  0  1  0  0  0  0  0  0 ...  0   -6.0       1 ...
94   0  1  0  0  0  0  0  0  0  0  1  0  0  0  0  1 ...  1   -6.0       1 ...
95   0  0  1  0  0  0  0  0  0  1  0  1  0  0  0  0 ...  0   -6.0       1 ...
96   0  0  0  0  0  0  0  1  0  1  1  0  0  0  0  0 ...  0   -6.0       1 ...
97   0  0  0  0  1  0  0  0  1  0  1  0  0  0  0  0 ...  1   -6.0       1 ...
98   0  0  0  0  1  0  0  0  0  0  1  0  0  0  0  0 ...  0   -6.0       1 ...
99   0  1  1  0  0  0  0  0  0  1  0  0  0  0  0  1 ...  1   -6.0       1 ...
100  0  0  1  0  0  0  0  0  0  1  0  1  0  0  0  0 ...  1   -6.0       1 ...
101  0  0  0  0  0  0  0  1  1  0  1  0  0  0  0  0 ...  1   -6.0       1 ...
102  0  0  0  0  1  0  0  1  0  0  1  0  0  0  0  0 ...  1   -6.0       1 ...
103  0  1  0  0  0  0  0  0  1  0  0  0  0  0  0  0 ...  1   -6.0       1 ...
104  0  0  1  0  0  1  0  0  0  0  0  0  0  1  0  0 ...  1   -6.0       1 ...
105  0  0  0  1  0  0  0  0  1  0  1  0  0  0  0  0 ...  1   -6.0       1 ...
107  1  0  0  0  0  0  0  0  0  1  0  0  0  0  0  0 ...  0   -6.0       1 ...
108  0  0  0  0  1  1  0  0  0  0  0  0  0  0  0  0 ...  0   -6.0       1 ...
109  0  0  0  0  1  0  0  0  0  0  1  0  0  0  0  0 ...  1   -6.0       1 ...
110  0  0  0  0  0  0  1  0  0  0  0  0  0  0  1  1 ...  0   -6.0       1 ...
124  0  0  1  0  0  0  0  1  0  0  0  0  0  1  0  0 ...  1   -6.0       1 ...
125  0  0  0  0  1  1  0  0  0  0  0  1  0  0  0  0 ...  0   -6.0       1 ...
62   0  0  1  0  0  1  0  0  1  0  0  0  0  0  0  0 ...  1   -4.0       1 ...
112  0  0  0  1  0  0  0  0  0  0  0  0  0  0  0  0 ...  1   -4.0       1 ...
113  0  0  0  0  0  0  0  0  1  0  0  0  0  1  0  1 ...  1   -4.0       1 ...
114  1  0  1  0  0  0  0  0  0  0  0  0  0  1  0  0 ...  0   -4.0       1 ...
115  0  0  0  0  0  0  0  0  0  0  0  0  0  0  1  1 ...  1   -4.0       1 ...
116  0  0  0  0  1  0  1  0  0  0  0  0  0  1  0  0 ...  0   -4.0       1 ...
117  0  1  0  0  0  0  0  0  1  0  0  0  1  0  0  1 ...  1   -4.0       1 ...
118  1  0  0  0  0  0  0  0  1  0  0  1  0  0  0  0 ...  0   -4.0       1 ...
119  0  0  0  1  0  0  0  0  0  0  0  0  0  0  1  0 ...  0   -4.0       1 ...
120  1  0  0  0  1  1  0  0  0  0  0  0  0  0  0  0 ...  0   -4.0       1 ...
121  0  0  0  0  0  0  0  0  1  0  0  0  0  0  0  0 ...  0   -4.0       1 ...
122  0  0  0  0  0  0  0  0  0  0  1  0  0  0  0  1 ...  1   -4.0       1 ...
123  0  0  0  1  0  0  0  0  0  0  1  0  0  0  0  0 ...  0   -4.0       1 ...
128  0  1  0  0  0  0  0  0  1  0  1  0  0  1  0  0 ...  1   -4.0       1 ...
129  0  0  0  0  0  0  0  1  0  0  1  0  1  0  0  0 ...  0   -4.0       1 ...
126  0  0  1  0  1  0  0  0  0  0  0  0  0  0  0  0 ...  0   -2.0       1 ...
127  0  0  0  1  0  0  0  0  0  0  0  0  0  0  0  1 ...  0   -2.0       1 ...
['BINARY', 130 rows, 200 samples, 25 variables]