     0  1  2  3  4  5  6  7  8  9 10 11 12 13 14 15 ... 24 energy num_oc. ...
0    0  0  1  0  0  1  0  0  0  0  0  0  0  1  0  0 ...  1  -10.0       4 ...
1    0  0  0  1  0  1  0  0  0  0  0  0  1  0  0  0 ...  0  -10.0       5 ...
2    0  0  0  1  0  0  1  0  0  0  0  0  0  0  1  0 ...  0  -10.0      13 ...
3    0  1  0  0  0  0  0  0  1  0  1  0  0  0  0  0 ...  1  -10.0      23 ...
4    0  0  1  0  0  0  0  0  0  1  0  1  0  0  0  0 ...  0  -10.0      11 ...
5    1  0  0  0  0  0  0  0  1  0  0  1  0  0  0  0 ...  0  -10.0       3 ...
6    0  1  0  0  0  0  0  0  0  1  0  0  1  0  0  1 ...  0  -10.0      16 ...
7    1  0  0  0  0  0  0  1  0  0  0  0  0  0  1  0 ...  0  -10.0       8 ...
8    0  0  0  0  1  0  1  0  0  0  0  0  0  1  0  1 ...  0  -10.0       1 ...
9    0  0  0  0  1  0  0  1  0  0  1  0  0  0  0  0 ...  0  -10.0       4 ...
10   0  0  0  1  0  1  0  0  0  0  0  0  1  0  0  0 ...  0  -10.0       3 ...
11   0  1  0  0  0  0  0  0  0  1  0  0  1  0  0  1 ...  0  -10.0       3 ...
12   1  0  0  0  0  0  0  1  0  0  0  0  0  0  1  0 ...  0  -10.0       2 ...
89   0  1  0  0  0  0  0  0  1  0  1  0  0  0  0  0 ...  1  -10.0       2 ...
241  0  0  1  0  0  0  0  0  0  1  0  1  0  0  0  0 ...  0  -10.0       1 ...
13   0  0  1  1  0  1  0  0  0  0  0  0  0  1  0  0 ...  1   -8.0       2 ...
14   0  0  0  1  0  0  1  0  0  0  0  0  0  0  1  0 ...  0   -8.0       2 ...
15   0  0  0  1  0  1  0  0  0  0  0  0  0  0  1  0 ...  0   -8.0       1 ...
16   0  0  1  1  0  1  0  0  0  0  0  0  0  0  0  0 ...  1   -8.0       2 ...
17   0  1  0  1  0  0  0  0  0  0  1  0  0  0  0  0 ...  1   -8.0       2 ...
18   0  0  1  0  0  0  0  0  0  1  0  1  0  0  0  0 ...  0   -8.0       1 ...
19   0  0  1  0  0  0  0  0  0  0  0  0  0  1  0  1 ...  1   -8.0       6 ...
20   0  0  0  1  0  0  0  0  0  0  0  0  0  0  1  0 ...  0   -8.0       1 ...
21   0  1  0  0  0  0  1  0  0  0  0  0  0  0  1  0 ...  0   -8.0       1 ...
22   0  0  1  0  0  0  0  0  0  1  0  0  0  0  0  0 ...  0   -8.0       6 ...
23   0  0  0  1  0  1  0  0  0  0  0  0  0  0  1  0 ...  0   -8.0       1 ...
24   0  0  0  1  0  0  0  0  1  0  1  0  0  0  0  0 ...  0   -8.0       2 ...
25   0  1  0  0  0  0  1  0  0  0  0  0  0  0  1  1 ...  0   -8.0       1 ...
26   0  1  0  0  0  0  0  0  0  0  0  0  0  0  1  0 ...  0   -8.0       1 ...
27   1  0  1  0  0  0  0  0  0  1  0  0  0  0  0  0 ...  0   -8.0       5 ...
28   0  1  0  0  0  0  0  0  0  1  1  0  0  0  0  0 ...  0   -8.0       2 ...
29   0  0  0  1  0  1  0  0  0  0  0  0  0  0  0  0 ...  1   -8.0       1 ...
30   0  1  0  1  0  0  0  0  1  0  1  0  0  0  0  0 ...  1   -8.0       1 ...
31   0  0  0  1  0  0  1  0  0  0  0  0  0  0  1  0 ...  0   -8.0       2 ...
32   0  0  0  1  0  1  0  0  0  0  0  0  0  0  1  0 ...  1   -8.0       3 ...
33   1  0  0  0  0  0  0  0  0  0  0  1  0  0  0  0 ...  0   -8.0       1 ...
34   0  0  0  1  0  0  0  0  0  0  1  0  0  0  0  0 ...  1   -8.0       2 ...
35   0  1  0  0  0  0  0  0  0  1  1  0  0  0  0  0 ...  0   -8.0       2 ...
36   0  0  0  1  0  1  0  0  0  0  0  0  0  0  1  0 ...  0   -8.0       1 ...
37   0  1  0  0  0  0  0  0  0  1  1  0  0  0  0  0 ...  0   -8.0       3 ...
38   0  1  0  0  0  0  0  0  0  1  0  0  0  0  1  1 ...  0   -8.0       4 ...
39   0  0  1  0  0  1  0  0  0  0  0  0  0  0  0  0 ...  1   -8.0       1 ...
40   0  0  0  1  0  1  0  0  0  0  0  0  0  0  1  0 ...  0   -8.0       1 ...
41   0  0  0  1  0  1  0  0  0  0  0  0  0  0  0  0 ...  0   -8.0       1 ...
42   0  0  1  0  0  1  0  0  0  0  0  0  0  1  0  1 ...  1   -8.0       1 ...
43   0  1  0  0  0  0  0  0  0  1  0  1  0  0  0  0 ...  0   -8.0       2 ...
44   0  0  0  1  0  0  0  0  0  0  1  0  0  0  0  0 ...  0   -8.0       1 ...
45   0  0  1  0  0  0  0  0  0  0  0  0  0  1  0  0 ...  1   -8.0       1 ...
46   0  1  0  0  0  0  0  0  0  1  0  0  0  0  0  0 ...  0   -8.0       1 ...
47   0  0  1  0  0  0  0  0  0  0  0  0  0  1  0  1 ...  1   -8.0       1 ...
48   0  0  1  0  0  0  0  0  0  1  0  1  0  0  0  0 ...  0   -8.0       2 ...
49   1  0  0  0  0  0  0  0  0  0  0  0  0  0  1  0 ...  0   -8.0       3 ...
50   0  0  0  0  0  0  1  0  0  0  0  0  0  0  1  0 ...  0   -8.0       1 ...
51   0  1  0  0  0  0  0  0  0  1  0  0  0  0  0  1 ...  0   -8.0       1 ...
52   0  0  1  0  0  1  0  0  0  0  0  0  0  1  0  1 ...  1   -8.0       2 ...
53   0  0  0  0  1  0  1  0  0  0  0  0  0  0  1  1 ...  0   -8.0       1 ...
54   0  1  0  0  0  0  0  0  1  0  0  0  0  0  0  0 ...  1   -8.0       2 ...
55   0  0  1  0  0  0  0  0  0  1  0  0  0  0  0  1 ...  0   -8.0       4 ...
56   1  0  0  0  0  0  0  0  0  1  0  0  0  0  1  0 ...  0   -8.0       5 ...
57   0  1  0  0  0  0  0  0  1  0  0  0  0  0  0  1 ...  1   -8.0       2 ...
58   0  1  0  0  0  0  0  0  1  0  1  0  0  0  0  1 ...  1   -8.0       1 ...
59   0  0  1  0  0  0  0  0  0  1  0  0  0  0  0  0 ...  0   -8.0       1 ...
60   0  0  1  0  0  0  0  0  0  1  0  0  0  0  0  1 ...  0   -8.0       8 ...
61   0  1  0  0  0  0  0  0  1  0  0  0  0  0  0  1 ...  1   -8.0       3 ...
62   0  1  0  0  0  0  0  0  1  0  0  0  0  0  0  1 ...  1   -8.0       2 ...
63   0  0  1  0  0  1  0  0  0  0  0  0  0  1  0  0 ...  1   -8.0       1 ...
64   0  0  0  1  0  1  0  0  0  0  0  0  1  0  0  0 ...  0   -8.0       1 ...
65   0  1  0  0  0  0  0  0  0  1  0  0  1  0  0  1 ...  0   -8.0       1 ...
66   0  0  0  1  0  0  0  0  1  0  1  0  0  0  0  0 ...  1   -8.0       3 ...
67   0  0  0  0  1  0  1  0  0  0  0  0  0  0  0  1 ...  0   -8.0       1 ...
68   1  0  0  0  0  0  0  0  1  0  0  1  0  0  0  0 ...  0   -8.0       2 ...
69   1  0  0  0  0  0  0  1  0  0  0  0  0  0  1  0 ...  0   -8.0       1 ...
70   0  0  0  0  1  0  0  1  0  0  1  0  0  0  0  0 ...  0   -8.0       1 ...
71   0  0  0  0  0  0  1  0  0  0  0  0  0  0  1  1 ...  0   -8.0       3 ...
72   0  0  0  0  0  0  0  0  1  0  1  0  0  0  0  0 ...  1   -8.0       8 ...
73   1  0  0  0  0  0  0  1  0  0  0  0  0  0  1  0 ...  0   -8.0       2 ...
74   0  0  0  0  0  0  0  0  1  0  1  0  0  0  0  0 ...  0   -8.0       3 ...
75   1  0  0  0  0  0  0  1  0  0  0  0  0  0  1  0 ...  0   -8.0       1 ...
76   0  1  1  0  0  0  0  0  0  1  0  0  0  0  0  0 ...  0   -8.0       1 ...
77   1  0  0  0  0  0  0  1  0  0  0  0  0  0  1  0 ...  0   -8.0       1 ...
78   1  0  0  0  0  0  0  0  0  1  0  0  0  0  0  0 ...  0   -8.0       3 ...
79   1  0  0  0  0  0  0  0  1  0  1  0  0  0  0  0 ...  0   -8.0       3 ...
80   0  0  0  0  1  0  1  0  0  0  0  0  0  1  0  1 ...  0   -8.0       1 ...
81   0  1  0  0  0  0  0  0  1  0  1  0  0  0  0  0 ...  0   -8.0       1 ...
82   0  1  0  0  0  0  0  0  1  0  0  0  0  0  0  1 ...  0   -8.0       1 ...
83   0  1  1  0  0  0  0  0  0  1  0  0  0  0  0  1 ...  0   -8.0       3 ...
84   0  1  0  0  0  0  0  0  0  1  1  0  1  0  0  0 ...  0   -8.0       1 ...
85   1  0  0  0  0  0  0  1  0  1  0  0  0  0  0  0 ...  0   -8.0       3 ...
86   0  0  0  0  0  0  0  1  0  0  0  0  0  0  1  0 ...  0   -8.0       2 ...
87   0  1  1  0  0  0  0  0  0  1  0  0  1  0  0  1 ...  0   -8.0       2 ...
88   0  0  0  0  0  0  0  0  0  1  0  0  1  0  0  1 ...  0   -8.0       4 ...
90   0  1  0  0  0  0  0  0  0  1  0  0  0  0  1  1 ...  0   -8.0       1 ...
91   0  0  1  0  0  0  0  0  0  1  0  0  0  0  0  0 ...  0   -8.0       1 ...
92   1  0  0  0  0  0  0  0  0  1  0  0  0  0  1  0 ...  0   -8.0       1 ...
93   0  0  1  0  1  1  0  0  0  0  0  0  0  0  0  0 ...  0   -8.0       1 ...
94   0  0  0  1  0  1  0  0  0  0  0  0  0  0  1  0 ...  0   -8.0       1 ...
95   0  0  1  0  0  0  0  0  0  1  0  0  0  0  0  1 ...  0   -8.0       1 ...
96   1  0  0  0  0  0  0  0  0  1  0  0  0  0  0  0 ...  0   -8.0       1 ...
97   0  0  1  0  0  0  0  0  0  0  0  0  0  1  0  1 ...  1   -8.0       1 ...
98   1  0  1  0  0  0  0  0  0  1  0  0  0  0  0  0 ...  0   -8.0       1 ...
99   0  1  0  0  0  0  0  0  0  1  0  0  1  0  0  0 ...  0   -8.0       1 ...
100  0  0  1  0  0  0  0  0  0  1  0  0  0  0  0  1 ...  0   -8.0       3 ...
101  0  0  0  0  0  0  1  0  0  0  0  0  0  0  1  1 ...  0   -8.0       1 ...
102  1  0  0  0  0  0  0  0  0  1  0  0  0  0  0  0 ...  0   -8.0       1 ...
103  0  0  1  0  0  0  0  0  0  1  0  0  1  0  0  1 ...  0   -8.0       1 ...
104  1  0  0  0  0  0  0  1  0  0  0  0  0  0  0  0 ...  0   -8.0       1 ...
105  1  0  1  0  0  0  0  0  0  1  0  0  0  0  0  0 ...  0   -8.0       1 ...
106  1  0  0  0  0  0  0  0  0  1  0  0  0  0  0  0 ...  0   -8.0       1 ...
107  0  0  1  0  0  1  0  0  0  0  0  0  0  1  0  0 ...  0   -8.0       1 ...
236  0  1  0  0  0  0  0  0  1  0  0  0  0  0  0  1 ...  1   -8.0       1 ...
237  0  1  0  0  0  0  0  0  1  0  1  0  0  0  0  1 ...  1   -8.0       2 ...
253  1  0  0  0  0  0  0  1  0  0  0  0  0  0  1  0 ...  0   -8.0       1 ...
108  0  0  0  1  0  1  1  0  0  0  0  0  0  0  1  0 ...  0   -6.0       1 ...
109  0  0  0  1  0  1  0  0  0  0  0  0  0  0  1  0 ...  0   -6.0       1 ...
110  0  0  1  1  0  0  0  0  0  0  0  0  0  1  0  0 ...  1   -6.0       1 ...
111  0  0  1  1  0  1  0  0  0  0  0  0  0  0  0  0 ...  1   -6.0       1 ...
112  0  0  0  1  0  0  0  0  0  0  1  0  0  0  0  0 ...  0   -6.0       1 ...
113  1  0  1  0  0  0  0  0  0  1  0  0  0  0  1  0 ...  0   -6.0       1 ...
114  0  0  1  0  0  0  0  0  0  0  0  0  0  0  0  0 ...  0   -6.0       1 ...
115  0  0  0  0  0  0  0  0  0  0  1  0  0  0  0  0 ...  0   -6.0       1 ...
116  0  0  0  1  0  0  0  0  0  0  0  0  0  0  1  0 ...  0   -6.0       1 ...
117  0  0  0  1  0  0  0  0  0  0  0  0  0  0  1  0 ...  0   -6.0       1 ...
118  0  0  1  0  0  0  0  0  0  1  0  0  0  0  0  0 ...  1   -6.0       1 ...
119  0  0  0  1  0  1  0  0  0  0  0  0  0  0  1  0 ...  0   -6.0       1 ...
120  0  0  1  0  0  0  0  0  0  1  0  1  0  0  0  0 ...  0   -6.0       1 ...
121  1  0  0  0  0  0  1  0  0  0  0  0  0  0  1  0 ...  0   -6.0       1 ...
122  0  1  0  0  0  0  0  0  0  1  1  0  0  0  0  0 ...  0   -6.0       1 ...
123  0  0  0  1  0  0  0  0  0  0  0  0  0  0  1  0 ...  1   -6.0       1 ...
124  0  1  0  0  0  0  0  0  1  0  1  0  0  0  0  0 ...  0   -6.0       1 ...
125  0  0  0  1  0  1  0  0  0  0  0  0  0  0  0  0 ...  1   -6.0       1 ...
126  0  0  1  0  0  0  1  0  0  0  0  0  0  1  0  1 ...  1   -6.0       1 ...
127  0  0  0  1  0  0  0  0  0  0  1  0  0  0  1  0 ...  0   -6.0       1 ...
128  0  0  0  1  0  1  0  0  0  0  0  0  0  0  1  0 ...  0   -6.0       1 ...
129  0  0  1  0  0  0  0  0  0  0  0  0  0  0  1  0 ...  0   -6.0       2 ...
130  0  0  1  0  0  1  0  0  0  0  0  0  0  0  0  0 ...  0   -6.0       1 ...
131  0  0  1  1  0  0  0  0  0  0  0  0  1  0  0  0 ...  0   -6.0       1 ...
132  0  0  1  0  0  0  0  0  0  1  0  0  0  0  0  0 ...  1   -6.0       1 ...
133  1  1  0  0  0  0  0  0  0  1  1  0  0  0  0  0 ...  0   -6.0       1 ...
134  0  0  0  1  0  0  0  0  1  0  0  0  0  0  0  0 ...  0   -6.0       1 ...
135  0  0  0  1  0  0  1  0  0  0  0  0  0  0  1  1 ...  0   -6.0       1 ...
136  1  0  0  1  0  0  0  0  0  0  0  0  0  0  1  0 ...  0   -6.0       2 ...
137  0  1  0  0  1  0  0  0  0  1  1  0  0  0  0  0 ...  0   -6.0       1 ...
138  0  0  1  0  0  0  0  0  0  1  0  1  0  0  0  0 ...  1   -6.0       1 ...
139  1  0  1  0  0  0  0  0  0  1  0  0  0  1  0  0 ...  0   -6.0       1 ...
140  0  0  1  0  0  0  0  0  0  0  0  0  0  0  1  1 ...  0   -6.0       1 ...
141  0  0  0  1  0  0  0  0  1  0  1  0  0  0  0  0 ...  0   -6.0       1 ...
142  0  0  0  1  0  1  1  0  0  0  0  0  0  0  1  0 ...  0   -6.0       1 ...
143  0  1  0  1  0  0  0  0  0  0  1  0  0  0  0  0 ...  0   -6.0       1 ...
144  0  0  1  0  1  0  0  0  0  0  0  0  0  1  0  1 ...  0   -6.0       1 ...
145  0  0  1  0  0  0  0  0  0  1  0  0  0  0  1  1 ...  0   -6.0       2 ...
146  0  0  0  1  0  0  0  0  1  0  0  1  0  0  0  0 ...  0   -6.0       1 ...
147  1  0  1  0  0  0  0  0  0  1  0  0  0  0  0  1 ...  0   -6.0       1 ...
148  0  0  1  0  0  0  0  0  0  1  0  0  0  0  0  1 ...  1   -6.0       1 ...
149  0  0  0  1  0  0  0  0  0  0  1  0  0  0  0  0 ...  0   -6.0       1 ...
150  0  0  0  1  0  1  0  0  0  0  0  0  0  0  1  0 ...  1   -6.0       1 ...
151  0  0  0  1  0  0  0  0  0  0  0  0  0  0  1  0 ...  0   -6.0       1 ...
152  0  0  1  1  0  1  0  0  0  0  0  0  0  0  0  0 ...  0   -6.0       1 ...
153  1  1  0  0  0  0  0  0  0  1  0  0  0  0  1  1 ...  0   -6.0       1 ...
154  0  0  0  1  0  0  1  0  0  0  1  0  0  0  1  0 ...  0   -6.0       1 ...
155  0  0  0  1  0  0  0  0  0  0  0  0  0  0  1  0 ...  0   -6.0       1 ...
156  0  1  0  0  0  0  0  0  0  0  0  0  0  0  1  1 ...  1   -6.0       1 ...
157  0  0  0  1  0  0  1  0  0  0  1  0  0  0  0  0 ...  1   -6.0       1 ...
158  1  0  1  0  0  0  0  0  0  1  0  1  0  0  0  0 ...  0   -6.0       1 ...
159  0  0  1  0  0  0  0  1  0  0  0  0  0  0  0  0 ...  1   -6.0       2 ...
160  0  0  0  0  0  1  0  0  0  0  0  0  0  1  0  1 ...  1   -6.0       1 ...
161  1  0  0  0  0  0  0  0  0  0  0  0  0  0  1  1 ...  0   -6.0       1 ...
162  0  0  1  0  0  0  0  0  0  1  0  0  0  0  0  0 ...  0   -6.0       1 ...
163  0  0  1  0  0  0  0  0  0  1  0  0  0  0  0  0 ...  0   -6.0       1 ...
164  0  1  0  0  0  0  0  0  1  0  0  0  0  0  1  1 ...  1   -6.0       2 ...
165  1  0  0  0  0  0  0  0  0  1  1  0  0  0  0  0 ...  0   -6.0       1 ...
166  0  0  1  0  0  1  0  0  0  0  0  0  0  1  0  0 ...  0   -6.0       1 ...
167  0  0  1  0  0  0  0  0  0  1  1  0  0  0  0  0 ...  0   -6.0       1 ...
168  0  1  0  0  0  0  0  0  1  0  0  0  0  0  1  1 ...  0   -6.0       1 ...
169  0  0  0  0  0  0  1  0  0  0  0  0  0  0  1  0 ...  0   -6.0       1 ...
170  1  0  0  0  0  0  1  0  0  0  0  0  0  0  1  1 ...  0   -6.0       1 ...
171  0  0  0  1  0  0  0  1  0  0  0  0  0  0  1  0 ...  0   -6.0       1 ...
172  0  0  1  0  0  0  0  0  0  1  0  0  0  0  1  1 ...  0   -6.0       2 ...
173  0  1  0  0  0  0  0  0  0  1  0  0  0  0  0  1 ...  0   -6.0       1 ...
174  1  0  0  0  0  0  0  0  0  0  0  0  0  0  1  0 ...  0   -6.0       2 ...
175  0  0  1  0  0  0  0  0  0  1  0  0  0  0  0  0 ...  0   -6.0       1 ...
176  0  1  0  0  0  0  0  0  1  0  0  0  0  0  1  1 ...  0   -6.0       1 ...
177  1  0  0  0  0  0  0  0  0  0  0  0  0  1  0  0 ...  0   -6.0       1 ...
178  1  0  0  0  0  1  0  0  0  0  0  0  0  0  1  0 ...  0   -6.0       1 ...
179  0  0  1  0  0  1  0  0  0  1  0  0  0  1  0  0 ...  0   -6.0       1 ...
180  0  0  0  0  1  0  1  0  0  1  0  0  0  0  0  1 ...  0   -6.0       1 ...
181  0  0  1  0  0  0  0  0  0  1  0  0  0  1  0  0 ...  0   -6.0       1 ...
182  0  0  0  0  1  0  1  0  0  0  0  0  0  1  1  1 ...  0   -6.0       1 ...
183  0  1  0  0  0  0  0  0  0  1  0  0  0  0  0  1 ...  0   -6.0       1 ...
184  1  0  0  0  0  0  0  0  0  0  0  0  0  0  1  0 ...  0   -6.0       1 ...
185  0  0  1  0  0  0  0  0  0  1  0  1  0  0  0  0 ...  0   -6.0       1 ...
186  0  0  1  0  0  0  0  0  0  1  0  1  0  0  0  1 ...  0   -6.0       1 ...
187  0  0  1  0  0  0  0  0  0  1  0  1  0  0  0  1 ...  1   -6.0       1 ...
188  0  0  1  0  0  1  0  0  0  0  0  0  0  0  0  0 ...  0   -6.0       1 ...
189  0  0  1  0  0  0  0  0  0  0  0  0  0  0  0  1 ...  1   -6.0       1 ...
190  0  0  0  0  1  0  0  0  1  0  1  0  0  0  0  0 ...  1   -6.0       1 ...
191  0  0  0  0  0  0  0  0  1  0  1  0  0  0  0  0 ...  0   -6.0       1 ...
192  0  0  0  0  0  0  0  0  0  1  1  0  0  0  0  0 ...  0   -6.0       1 ...
193  1  0  0  0  0  0  0  0  0  1  0  0  0  1  0  1 ...  0   -6.0       1 ...
194  0  0  0  0  0  0  0  0  0  1  0  0  0  0  1  1 ...  0   -6.0       1 ...
195  0  0  0  0  0  0  0  1  0  0  0  0  0  1  0  0 ...  1   -6.0       1 ...
196  0  0  0  0  1  0  1  0  0  1  0  0  0  0  0  1 ...  0   -6.0       1 ...
197  0  0  0  0  0  0  0  0  1  0  0  1  0  0  0  0 ...  1   -6.0       1 ...
198  0  1  1  0  0  0  0  0  0  1  0  0  0  0  0  1 ...  0   -6.0       1 ...
199  0  1  0  0  0  0  0  0  1  0  0  0  0  0  0  1 ...  0   -6.0       1 ...
200  0  0  0  0  0  0  0  1  0  0  1  0  0  0  0  0 ...  1   -6.0       1 ...
201  0  0  1  0  0  0  0  0  0  1  0  0  1  0  0  1 ...  0   -6.0       1 ...
202  0  0  0  0  1  0  1  0  0  0  0  0  0  0  0  1 ...  0   -6.0       1 ...
203  0  0  0  0  0  0  0  1  0  0  1  0  0  0  1  0 ...  0   -6.0       1 ...
204  1  0  0  0  0  0  0  0  0  1  0  0  0  0  0  0 ...  0   -6.0       1 ...
205  0  1  0  0  0  0  0  0  0  0  1  0  1  0  0  1 ...  0   -6.0       1 ...
206  0  0  0  0  0  0  0  0  1  0  1  0  0  0  0  0 ...  0   -6.0       1 ...
207  1  0  0  0  0  0  0  0  1  0  0  0  0  0  0  0 ...  0   -6.0       1 ...
208  0  0  0  0  0  0  0  1  0  0  0  0  0  0  0  0 ...  1   -6.0       1 ...
209  1  0  0  0  0  0  0  0  1  0  0  0  1  0  0  0 ...  0   -6.0       1 ...
210  0  0  0  1  0  1  0  0  0  0  0  0  1  0  1  0 ...  0   -6.0       1 ...
211  1  0  0  0  0  0  0  0  0  1  0  0  0  0  0  0 ...  0   -6.0       1 ...
212  0  0  0  0  1  0  1  0  0  0  1  0  0  0  0  0 ...  0   -6.0       1 ...
213  1  0  0  0  0  0  0  0  0  1  0  0  0  0  0  0 ...  0   -6.0       1 ...
214  0  0  0  0  0  0  0  0  0  0  0  0  0  1  0  1 ...  1   -6.0       1 ...
215  1  0  0  0  0  0  0  1  0  0  0  0  0  1  1  0 ...  0   -6.0       1 ...
216  0  0  0  0  1  0  0  1  0  0  0  0  0  0  0  0 ...  0   -6.0       1 ...
217  0  0  0  0  0  0  1  1  0  0  0  0  0  0  1  0 ...  0   -6.0       1 ...
218  1  0  0  0  0  0  0  0  0  1  1  0  0  0  0  0 ...  0   -6.0       2 ...
219  0  0  0  0  1  0  0  0  0  0  0  0  0  0  0  1 ...  0   -6.0       1 ...
220  0  1  0  0  0  0  0  1  0  1  1  0  0  0  0  0 ...  0   -6.0       1 ...
221  0  0  0  0  0  0  1  0  0  1  0  0  1  0  0  1 ...  0   -6.0       1 ...
222  0  0  0  0  0  0  0  0  1  0  0  0  0  1  0  1 ...  1   -6.0       1 ...
223  0  0  0  0  0  0  0  0  1  0  0  0  0  0  0  1 ...  1   -6.0       2 ...
224  0  0  0  0  0  0  0  0  0  1  0  0  1  0  0  0 ...  0   -6.0       1 ...
225  0  0  0  0  1  0  0  0  1  0  1  0  0  0  0  0 ...  0   -6.0       1 ...
226  0  0  0  0  0  0  0  0  1  1  0  1  0  0  0  0 ...  0   -6.0       1 ...
227  0  0  0  0  0  0  0  1  0  0  1  0  0  0  1  0 ...  0   -6.0       1 ...
228  0  0  0  0  0  0  0  1  0  0  0  0  0  0  1  1 ...  0   -6.0       1 ...
229  0  0  0  0  1  0  0  0  0  1  0  0  1  0  0  1 ...  0   -6.0       1 ...
230  0  0  0  0  0  0  0  0  0  1  0  0  0  0  0  1 ...  0   -6.0       1 ...
231  0  0  0  0  0  0  0  1  0  0  1  0  0  0  1  0 ...  0   -6.0       1 ...
232  0  0  0  0  0  0  0  0  0  1  0  0  1  0  0  1 ...  0   -6.0       1 ...
233  0  0  0  0  0  0  1  0  1  0  0  0  0  0  0  1 ...  0   -6.0       1 ...
234  0  0  0  0  0  0  0  1  0  0  1  0  0  0  0  0 ...  0   -6.0       1 ...
235  1  0  0  0  0  0  0  1  1  0  1  0  0  0  0  0 ...  0   -6.0       1 ...
238  0  0  0  0  0  0  0  0  1  0  0  0  0  1  0  1 ...  0   -6.0       1 ...
239  0  1  0  0  0  0  0  0  0  1  1  0  0  0  0  1 ...  0   -6.0       1 ...
240  0  1  0  0  0  0  0  0  0  1  0  0  1  0  0  1 ...  0   -6.0       1 ...
242  0  0  1  0  0  1  0  0  0  1  0  0  0  0  0  0 ...  0   -6.0       1 ...
243  1  1  0  0  0  0  0  0  0  1  0  0  0  0  1  0 ...  0   -6.0       1 ...
244  0  0  1  0  0  0  0  0  0  1  0  0  0  0  0  0 ...  0   -6.0       1 ...
245  1  0  0  0  0  0  0  0  0  1  0  0  0  0  1  0 ...  0   -6.0       1 ...
246  0  0  1  0  0  0  0  0  0  1  0  0  0  0  0  1 ...  0   -6.0       1 ...
247  1  0  0  0  0  0  0  0  0  1  0  0  0  0  0  0 ...  0   -6.0       1 ...
248  0  0  0  0  1  0  0  0  0  0  0  0  0  0  0  1 ...  0   -6.0       1 ...
249  1  0  0  1  0  0  0  0  0  0  0  0  0  0  1  0 ...  0   -6.0       1 ...
250  0  1  0  0  0  0  0  0  1  0  1  0  0  0  1  0 ...  1   -6.0       1 ...
251  0  0  1  0  0  0  0  0  0  1  0  0  0  0  0  0 ...  0   -6.0       1 ...
252  1  0  0  0  0  0  0  0  0  0  0  0  0  0  0  0 ...  0   -6.0       1 ...
254  0  0  0  0  1  0  0  0  0  0  0  0  1  0  0  1 ...  0   -6.0       1 ...
255  0  0  1  0  0  0  0  0  0  1  0  0  0  0  0  1 ...  0   -6.0       1 ...
302  0  0  0  0  0  0  0  0  1  0  0  1  0  0  0  0 ...  1   -6.0       1 ...
313  0  0  1  1  0  1  0  0  0  0  0  0  0  0  0  0 ...  1   -6.0       1 ...
314  0  0  0  0  1  0  0  0  0  1  0  0  0  0  0  1 ...  0   -6.0       1 ...
315  0  0  0  1  0  0  1  0  0  0  0  0  0  0  1  0 ...  0   -6.0       1 ...
316  0  0  1  0  0  0  0  0  0  1  0  0  0  0  1  1 ...  0   -6.0       1 ...
256  0  1  0  1  0  0  0  0  0  0  1  0  0  0  0  0 ...  0   -4.0       1 ...
257  0  0  1  1  0  0  0  0  0  0  0  0  0  0  0  0 ...  1   -4.0       1 ...
258  0  0  0  1  0  1  1  0  0  0  0  0  0  0  0  0 ...  1   -4.0       1 ...
259  1  0  0  0  0  0  0  0  0  0  1  0  0  0  1  0 ...  0   -4.0       1 ...
260  0  0  1  0  0  0  0  0  0  0  1  0  0  0  0  0 ...  1   -4.0       1 ...
261  0  1  0  0  0  0  0  0  0  0  0  0  0  0  0  0 ...  1   -4.0       1 ...
262  0  1  0  0  0  0  0  0  0  0  0  1  0  0  0  0 ...  0   -4.0       1 ...
263  0  1  0  1  0  0  0  0  0  0  1  0  0  0  0  0 ...  0   -4.0       1 ...
264  0  1  0  1  0  0  0  0  0  0  0  0  0  0  1  1 ...  0   -4.0       1 ...
265  0  0  0  0  1  0  0  0  0  0  0  0  0  0  1  0 ...  0   -4.0       1 ...
266  0  0  1  0  0  0  1  0  0  0  0  0  0  1  0  1 ...  0   -4.0       1 ...
267  0  0  0  1  0  0  0  0  0  1  0  0  0  0  1  0 ...  0   -4.0       1 ...
268  0  0  0  1  0  1  0  0  0  0  0  0  0  1  1  0 ...  0   -4.0       1 ...
269  0  0  0  1  0  0  0  0  0  1  0  0  1  0  0  0 ...  0   -4.0       1 ...
270  1  0  1  0  0  0  0  0  0  0  0  0  0  0  0  0 ...  0   -4.0       1 ...
271  0  0  1  1  0  0  0  0  0  0  0  0  0  0  0  0 ...  0   -4.0       1 ...
272  0  0  0  1  0  0  0  0  0  0  0  0  0  0  1  0 ...  0   -4.0       1 ...
273  0  0  1  1  0  0  0  0  0  0  0  0  0  0  0  0 ...  0   -4.0       1 ...
274  0  0  0  0  1  0  1  0  0  0  1  0  0  0  1  1 ...  0   -4.0       1 ...
275  0  0  1  0  0  0  0  0  1  0  0  1  0  0  0  0 ...  1   -4.0       1 ...
276  1  0  0  0  0  0  0  0  0  0  0  1  0  0  0  0 ...  0   -4.0       1 ...
277  0  0  1  0  0  0  0  0  1  0  0  0  0  0  0  0 ...  1   -4.0       1 ...
278  0  0  1  0  0  0  0  1  0  0  1  0  0  0  0  0 ...  0   -4.0       1 ...
279  0  0  0  1  0  0  0  1  0  0  0  0  0  0  1  0 ...  1   -4.0       1 ...
280  0  0  0  0  0  0  0  0  0  0  0  0  0  0  0  1 ...  1   -4.0       1 ...
281  0  0  1  0  0  0  0  0  0  0  0  0  0  0  1  0 ...  0   -4.0       1 ...
282  0  0  0  0  1  0  0  0  1  0  0  1  0  0  0  0 ...  0   -4.0       1 ...
283  0  0  0  0  0  1  0  0  0  0  0  0  0  1  1  0 ...  1   -4.0       1 ...
284  0  0  0  0  1  0  1  0  0  0  0  0  0  0  1  1 ...  0   -4.0       1 ...
285  0  1  0  0  0  1  0  0  1  0  1  0  0  0  0  0 ...  1   -4.0       1 ...
286  1  0  0  0  0  0  1  0  0  0  0  0  0  0  0  0 ...  0   -4.0       1 ...
287  1  0  0  0  0  0  0  0  0  0  0  0  0  0  1  1 ...  0   -4.0       1 ...
288  0  1  0  0  0  0  0  0  1  0  0  0  1  0  0  0 ...  0   -4.0       1 ...
289  0  0  0  0  1  0  0  0  0  1  0  0  0  0  0  0 ...  0   -4.0       1 ...
290  1  0  0  0  0  0  0  0  0  0  0  0  1  0  1  0 ...  0   -4.0       1 ...
291  1  0  0  0  0  0  0  1  0  0  0  0  0  0  0  0 ...  0   -4.0       1 ...
292  0  0  0  1  0  0  0  0  1  0  1  0  0  0  0  0 ...  0   -4.0       1 ...
293  0  0  0  1  0  0  0  0  0  0  0  0  0  0  0  0 ...  0   -4.0       1 ...
294  0  0  0  0  0  0  1  0  0  0  0  0  0  0  0  0 ...  0   -4.0       1 ...
295  0  0  1  0  0  0  0  1  0  1  0  0  0  0  0  0 ...  0   -4.0       1 ...
296  0  0  0  0  0  0  0  1  1  0  0  0  0  0  0  0 ...  1   -4.0       1 ...
297  1  0  0  0  0  0  0  1  0  1  0  0  0  0  1  0 ...  0   -4.0       1 ...
298  1  0  0  0  0  0  0  0  1  1  0  0  0  0  0  0 ...  0   -4.0       1 ...
299  0  0  0  0  0  0  0  1  0  1  0  0  0  0  0  1 ...  0   -4.0       1 ...
300  0  0  0  0  0  0  0  0  1  0  0  0  0  0  0  1 ...  0   -4.0       1 ...
301  1  0  0  0  0  0  0  1  1  0  1  0  0  0  0  0 ...  0   -4.0       1 ...
303  1  0  1  0  0  0  0  0  0  1  0  0  0  1  0  1 ...  0   -4.0       1 ...
304  1  0  0  0  0  0  0  0  0  0  0  0  0  0  0  1 ...  0   -4.0       1 ...
305  0  0  0  0  1  1  0  0  1  0  1  0  0  0  0  0 ...  0   -4.0       1 ...
318  0  1  0  0  0  0  0  0  0  1  0  0  1  0  1  0 ...  0   -4.0       1 ...
319  0  1  0  0  1  0  0  0  0  1  1  0  1  0  0  0 ...  0   -4.0       1 ...
306  0  1  0  1  0  0  0  0  0  0  1  0  0  0  1  0 ...  0   -2.0       1 ...
307  1  0  1  0  0  0  0  0  0  1  0  1  0  0  0  1 ...  0   -2.0       1 ...
308  0  1  0  0  0  1  0  0  0  1  0  0  0  0  1  0 ...  0   -2.0       1 ...
309  0  0  0  0  0  0  1  0  1  0  0  0  0  0  0  1 ...  1   -2.0       1 ...
310  0  1  1  0  0  0  0  1  0  0  0  0  0  0  1  0 ...  0   -2.0       1 ...
311  0  0  1  0  0  0  0  1  0  0  0  0  0  1  0  1 ...  1   -2.0       1 ...
312  0  0  0  0  1  0  0  0  1  0  0  0  0  1  0  0 ...  0   -2.0       1 ...
317  0  0  0  1  0  0  0  0  0  0  0  0  1  1  0  1 ...  0   -2.0       1 ...
320  1  0  0  0  0  0  0  1  1  0  0  0  0  0  0  0 ...  0    0.0       1 ...
321  1  1  0  0  0  0  0  1  0  1  0  0  0  0  0  1 ...  0    0.0       1 ...
['BINARY', 322 rows, 500 samples, 25 variables]