     0  1  2  3  4  5  6  7  8  9 10 11 12 13 14 15 ... 24 energy num_oc. ...
0    0  0  0  0  1  0  1  0  0  0  0  0  0  1  0  1 ...  0  -10.0       8 ...
1    0  0  0  0  1  0  0  1  0  0  1  0  0  0  0  0 ...  0  -10.0       1 ...
2    0  0  1  0  0  0  0  0  0  1  0  1  0  0  0  0 ...  0  -10.0       2 ...
3    1  0  0  0  0  0  0  0  1  0  0  1  0  0  0  0 ...  0  -10.0       2 ...
4    1  0  0  0  0  0  0  1  0  0  0  0  0  0  1  0 ...  0  -10.0       4 ...
5    0  0  0  1  0  1  0  0  0  0  0  0  1  0  0  0 ...  0  -10.0       1 ...
6    0  1  0  0  0  0  0  0  0  1  0  0  1  0  0  1 ...  0  -10.0       2 ...
7    0  0  1  0  0  1  0  0  0  0  0  0  0  1  0  0 ...  1  -10.0       1 ...
8    0  0  0  0  1  0  1  0  0  0  0  0  0  1  0  1 ...  0  -10.0       2 ...
154  0  0  0  0  1  0  1  0  0  0  0  0  0  1  0  1 ...  0  -10.0       1 ...
9    0  0  0  0  0  0  1  0  0  0  0  0  0  1  0  1 ...  0   -8.0       6 ...
10   0  1  0  0  0  0  0  0  0  1  0  0  0  0  0  1 ...  0   -8.0       4 ...
11   1  0  0  0  0  0  0  0  0  1  0  1  0  0  0  0 ...  0   -8.0       2 ...
12   1  0  0  0  0  0  0  0  0  1  0  1  0  0  0  0 ...  0   -8.0       3 ...
13   1  0  0  0  0  0  0  0  0  0  0  1  0  0  0  0 ...  0   -8.0       2 ...
14   0  0  0  0  0  0  1  0  0  0  0  0  0  1  0  1 ...  0   -8.0       2 ...
15   1  0  0  0  0  0  0  0  1  0  0  1  0  0  0  0 ...  0   -8.0       1 ...
16   0  0  1  0  0  0  0  0  0  0  0  1  0  0  0  0 ...  0   -8.0       1 ...
17   0  0  0  0  1  0  1  0  0  0  0  0  0  0  0  1 ...  0   -8.0       1 ...
18   0  1  0  0  0  0  0  0  0  1  0  0  0  0  0  0 ...  0   -8.0       1 ...
19   0  0  1  0  0  0  0  0  0  0  0  0  0  1  0  1 ...  1   -8.0       1 ...
20   0  0  0  0  1  0  1  0  0  0  0  0  0  1  0  1 ...  0   -8.0       2 ...
21   0  1  0  0  0  0  0  0  0  1  0  0  1  0  0  1 ...  0   -8.0       1 ...
22   0  0  0  0  1  0  1  0  0  0  0  0  0  1  0  1 ...  0   -8.0       2 ...
23   0  0  0  1  0  0  1  0  0  0  0  0  0  0  1  0 ...  0   -8.0       2 ...
24   0  0  0  1  0  0  0  0  0  0  1  0  1  0  0  0 ...  0   -8.0       1 ...
25   0  0  0  0  1  1  1  0  0  0  0  0  0  1  0  0 ...  0   -8.0       1 ...
26   0  0  0  1  0  1  0  0  0  0  0  0  0  0  0  0 ...  0   -8.0       1 ...
27   1  0  0  0  0  0  0  1  0  0  0  0  0  0  1  0 ...  0   -8.0       1 ...
28   0  1  0  0  0  0  0  0  0  1  0  0  0  0  0  1 ...  0   -8.0       1 ...
29   0  0  0  1  0  1  0  0  0  0  0  0  0  0  1  0 ...  1   -8.0       1 ...
30   1  0  0  0  0  0  0  0  1  0  0  1  0  0  0  0 ...  0   -8.0       1 ...
31   0  0  0  1  0  1  0  0  0  0  0  0  0  0  1  0 ...  0   -8.0       1 ...
32   0  1  0  0  0  0  0  0  0  0  0  0  0  0  1  1 ...  0   -8.0       1 ...
33   0  1  0  0  0  0  0  0  1  0  0  0  0  0  0  1 ...  1   -8.0       1 ...
34   0  0  0  0  1  0  1  0  0  0  0  0  0  0  1  1 ...  0   -8.0       1 ...
35   0  0  1  0  0  0  0  0  0  1  0  0  0  0  0  1 ...  0   -8.0       1 ...
36   1  0  0  0  0  0  0  0  0  1  0  0  0  0  0  0 ...  0   -8.0       1 ...
37   0  1  0  0  0  0  0  0  0  1  0  0  1  0  0  1 ...  0   -8.0       1 ...
38   0  0  1  1  0  1  0  0  0  0  0  0  0  0  0  0 ...  1   -8.0       1 ...
39   0  1  0  0  0  0  0  0  1  0  1  0  0  0  0  1 ...  1   -8.0       1 ...
40   0  0  1  0  0  1  0  0  0  0  0  0  0  0  0  0 ...  0   -8.0       1 ...
41   0  0  1  0  0  0  0  0  0  0  0  0  0  1  0  0 ...  1   -8.0       1 ...
42   0  0  1  0  0  1  0  0  0  0  0  0  0  0  0  0 ...  0   -8.0       1 ...
43   0  0  0  1  0  1  0  0  0  0  0  0  0  1  0  0 ...  1   -8.0       1 ...
44   0  0  1  1  0  1  0  0  0  0  0  0  0  1  0  0 ...  1   -8.0       1 ...
45   1  0  0  0  0  0  0  1  0  0  0  0  0  0  0  0 ...  0   -8.0       1 ...
46   0  1  0  0  0  0  0  0  0  1  0  0  1  0  0  0 ...  0   -8.0       1 ...
74   0  1  0  0  0  0  0  0  0  1  0  0  0  0  0  1 ...  0   -8.0       1 ...
83   0  0  0  0  0  0  1  0  0  0  0  0  0  0  1  1 ...  0   -8.0       1 ...
155  0  0  0  1  0  1  0  0  0  0  0  0  0  0  1  0 ...  1   -8.0       1 ...
47   1  0  0  0  0  0  1  0  0  0  0  0  0  1  0  1 ...  0   -6.0       1 ...
48   0  0  0  0  0  0  1  0  0  0  0  0  0  1  0  1 ...  0   -6.0       2 ...
49   0  0  0  0  0  0  1  0  0  0  0  1  0  0  0  0 ...  0   -6.0       2 ...
50   0  0  0  0  0  0  0  0  0  0  0  0  0  1  0  1 ...  1   -6.0       1 ...
51   1  0  0  0  0  0  0  0  0  1  0  1  0  0  0  1 ...  0   -6.0       1 ...
52   0  0  0  0  0  0  1  0  0  1  0  0  0  0  0  1 ...  0   -6.0       1 ...
53   0  1  0  0  0  0  0  0  0  1  0  0  0  0  0  1 ...  0   -6.0       1 ...
54   0  0  0  0  0  0  1  0  0  1  0  0  0  1  0  1 ...  0   -6.0       2 ...
55   0  0  0  0  0  0  0  0  0  0  0  0  0  1  0  1 ...  1   -6.0       1 ...
56   0  0  0  0  0  0  1  0  0  0  0  0  0  1  0  1 ...  1   -6.0       1 ...
57   0  0  0  0  0  0  0  0  0  0  0  0  0  1  0  1 ...  1   -6.0       2 ...
58   1  0  0  0  0  0  1  0  0  0  0  0  0  1  0  0 ...  0   -6.0       1 ...
59   1  0  0  0  0  0  0  0  0  0  0  1  0  0  0  0 ...  0   -6.0       1 ...
60   1  0  0  0  0  0  0  0  0  0  0  1  0  0  0  0 ...  0   -6.0       1 ...
61   0  0  0  0  0  0  1  0  0  0  0  0  0  1  0  0 ...  0   -6.0       1 ...
62   1  0  0  0  0  0  0  0  0  0  0  0  0  0  0  0 ...  0   -6.0       1 ...
63   0  1  0  0  0  0  0  0  0  0  0  0  0  0  0  1 ...  1   -6.0       1 ...
64   0  1  0  0  0  0  0  0  0  1  0  0  0  0  0  1 ...  1   -6.0       1 ...
65   1  0  0  0  0  0  1  0  0  0  0  0  0  0  0  0 ...  0   -6.0       1 ...
66   0  1  0  0  0  0  0  0  0  0  0  0  0  1  0  1 ...  1   -6.0       1 ...
67   1  0  0  0  0  0  0  0  0  1  0  0  0  0  0  0 ...  0   -6.0       1 ...
68   1  0  0  0  0  0  0  0  0  1  0  1  0  0  0  0 ...  0   -6.0       2 ...
69   0  0  0  0  0  0  0  0  0  1  0  1  0  0  0  0 ...  0   -6.0       1 ...
70   1  0  0  0  0  0  0  0  0  0  0  1  0  0  0  0 ...  0   -6.0       1 ...
71   0  1  0  0  0  0  0  0  0  0  0  0  0  1  0  1 ...  1   -6.0       1 ...
72   0  1  0  0  0  0  0  0  0  1  0  1  0  0  0  0 ...  0   -6.0       1 ...
73   0  1  0  0  0  0  0  0  0  0  0  0  0  0  0  0 ...  1   -6.0       1 ...
75   0  1  0  0  0  0  0  0  0  1  0  0  0  0  0  0 ...  0   -6.0       1 ...
76   1  0  0  0  0  0  1  0  0  0  0  0  0  0  1  1 ...  0   -6.0       1 ...
77   1  0  0  0  0  0  0  0  0  1  0  0  0  0  0  1 ...  0   -6.0       1 ...
78   0  0  0  0  0  0  1  0  0  1  0  0  0  1  0  1 ...  0   -6.0       1 ...
79   1  0  0  0  0  0  0  0  0  1  0  0  0  1  0  0 ...  0   -6.0       1 ...
80   1  0  0  0  0  0  0  0  0  1  0  0  0  0  0  0 ...  0   -6.0       1 ...
81   0  0  0  0  0  0  0  0  0  0  0  0  0  1  0  1 ...  1   -6.0       1 ...
82   0  1  0  0  0  0  1  0  0  0  0  0  0  1  0  1 ...  0   -6.0       1 ...
84   0  0  0  0  1  0  1  0  0  0  0  0  0  1  0  1 ...  1   -6.0       1 ...
85   1  0  0  0  0  0  0  0  1  0  0  0  0  0  0  0 ...  0   -6.0       1 ...
86   0  0  1  0  0  0  0  0  0  1  0  0  0  1  0  1 ...  0   -6.0       1 ...
87   0  1  0  0  0  0  0  0  0  0  1  0  0  0  0  0 ...  0   -6.0       1 ...
88   0  0  1  0  0  1  0  0  0  1  0  1  0  0  0  0 ...  0   -6.0       1 ...
89   0  0  0  0  1  0  1  0  0  0  0  1  0  1  0  0 ...  0   -6.0       1 ...
90   0  0  1  0  1  0  0  1  0  0  1  0  0  0  0  0 ...  0   -6.0       1 ...
91   0  0  0  0  1  0  0  0  0  0  0  1  0  1  0  1 ...  0   -6.0       1 ...
92   0  0  1  1  0  1  0  0  0  0  0  0  0  0  0  0 ...  1   -6.0       1 ...
93   0  0  0  0  0  1  0  0  0  0  0  0  0  1  0  1 ...  1   -6.0       1 ...
94   1  0  0  0  0  0  0  0  1  0  0  0  0  0  0  0 ...  0   -6.0       1 ...
95   0  0  1  0  0  1  0  0  0  0  0  1  0  0  0  0 ...  1   -6.0       1 ...
96   1  0  0  0  0  0  0  0  0  1  0  0  0  0  1  0 ...  0   -6.0       1 ...
97   0  0  0  0  0  0  0  0  0  0  0  1  0  0  0  0 ...  0   -6.0       1 ...
98   1  0  0  0  0  0  1  0  1  0  0  1  0  0  0  0 ...  0   -6.0       1 ...
99   0  0  0  0  0  0  1  0  0  0  0  1  0  0  0  0 ...  0   -6.0       1 ...
100  0  0  0  1  0  1  0  0  0  0  0  0  0  0  0  0 ...  0   -6.0       1 ...
101  0  0  0  0  0  0  0  1  0  0  0  0  0  0  1  1 ...  0   -6.0       1 ...
102  0  0  1  0  0  0  1  0  0  0  0  0  0  1  0  1 ...  0   -6.0       1 ...
103  0  1  0  0  0  0  1  0  0  0  0  0  0  0  1  1 ...  0   -6.0       1 ...
104  0  0  1  1  0  1  0  0  0  0  0  0  0  0  0  0 ...  1   -6.0       1 ...
105  0  0  0  1  0  0  1  0  0  0  0  0  0  0  1  0 ...  0   -6.0       1 ...
106  0  0  0  0  0  0  0  0  1  0  0  0  0  1  0  1 ...  1   -6.0       1 ...
107  0  1  0  0  0  0  0  0  0  0  0  0  1  0  0  0 ...  0   -6.0       1 ...
108  1  0  1  0  0  0  0  0  0  0  0  0  0  1  0  0 ...  1   -6.0       1 ...
109  0  0  0  1  0  1  0  0  0  0  0  0  0  1  0  0 ...  1   -6.0       1 ...
110  1  0  0  0  0  0  0  0  0  0  0  0  0  0  0  0 ...  0   -6.0       1 ...
111  1  1  0  0  0  0  0  0  0  1  0  0  0  0  1  1 ...  0   -6.0       1 ...
112  1  0  0  0  0  0  0  0  1  0  0  1  0  0  0  0 ...  1   -6.0       1 ...
113  0  0  1  0  0  1  0  0  0  0  0  1  0  0  0  0 ...  1   -6.0       1 ...
114  1  0  0  0  1  0  0  1  0  0  0  0  0  0  1  0 ...  0   -6.0       1 ...
115  0  1  0  0  0  0  1  0  0  0  0  0  0  0  1  1 ...  0   -6.0       1 ...
116  1  0  1  0  0  0  0  0  0  0  0  0  0  0  1  0 ...  0   -6.0       1 ...
117  1  0  0  0  0  0  0  0  0  1  1  0  0  0  0  0 ...  0   -6.0       1 ...
118  0  1  0  0  0  0  0  0  0  1  0  0  0  0  0  1 ...  0   -6.0       1 ...
119  0  1  0  0  0  0  0  0  0  0  1  0  0  0  0  1 ...  1   -6.0       1 ...
120  0  1  0  0  1  0  0  0  0  0  1  0  0  0  0  0 ...  0   -6.0       1 ...
121  0  1  0  0  0  0  0  0  0  1  0  0  0  0  1  0 ...  0   -6.0       1 ...
122  0  0  0  0  0  0  0  0  1  0  1  0  0  0  0  1 ...  1   -6.0       1 ...
123  0  0  0  0  0  0  0  0  0  0  0  0  0  1  0  1 ...  1   -6.0       2 ...
124  0  1  0  0  0  0  0  0  1  1  1  0  0  0  0  1 ...  1   -6.0       1 ...
126  0  0  0  0  1  0  0  0  0  0  0  0  0  0  0  1 ...  0   -6.0       1 ...
130  0  1  0  0  0  0  0  0  0  0  0  0  0  0  1  0 ...  1   -6.0       1 ...
131  0  1  0  0  0  0  1  0  0  0  0  0  0  1  0  1 ...  0   -6.0       1 ...
132  0  1  0  0  0  0  0  0  0  0  0  0  0  0  1  0 ...  0   -6.0       1 ...
134  0  1  0  0  0  0  0  0  0  1  1  0  0  0  1  0 ...  0   -6.0       1 ...
146  1  0  0  0  0  0  0  1  0  0  0  0  0  1  1  0 ...  0   -6.0       1 ...
147  0  0  0  0  0  0  1  0  0  0  0  0  0  0  0  1 ...  0   -6.0       1 ...
158  0  0  1  0  0  1  0  0  0  1  0  0  0  1  0  0 ...  0   -6.0       1 ...
159  0  1  0  0  0  0  0  0  0  0  1  0  0  0  0  0 ...  1   -6.0       1 ...
125  0  0  0  0  0  0  0  0  0  1  0  0  0  1  0  1 ...  0   -4.0       1 ...
127  0  0  0  0  0  0  0  0  0  0  0  1  0  0  0  0 ...  0   -4.0       1 ...
128  1  0  0  0  0  0  0  0  0  0  0  0  0  0  0  0 ...  0   -4.0       1 ...
129  1  0  0  0  0  0  0  0  0  1  0  1  0  0  0  0 ...  1   -4.0       2 ...
133  0  0  0  0  0  0  0  0  1  0  0  0  0  1  0  1 ...  1   -4.0       1 ...
135  0  1  0  0  0  0  0  0  0  1  0  0  1  0  0  1 ...  0   -4.0       1 ...
136  0  0  0  1  0  0  0  0  0  0  0  0  0  0  1  0 ...  0   -4.0       1 ...
137  0  0  0  0  0  0  0  1  0  0  0  0  0  0  1  1 ...  0   -4.0       1 ...
138  0  1  0  0  1  0  0  0  0  0  1  0  0  0  1  0 ...  0   -4.0       1 ...
139  1  0  0  0  0  0  1  0  0  0  0  0  0  0  1  1 ...  0   -4.0       1 ...
140  0  0  1  0  1  0  0  1  0  0  0  0  0  0  0  0 ...  0   -4.0       1 ...
141  1  0  0  0  0  0  0  0  0  0  0  0  0  0  0  0 ...  1   -4.0       1 ...
142  0  1  0  0  0  0  0  0  0  0  0  0  0  0  0  1 ...  0   -4.0       1 ...
143  1  0  0  0  0  0  0  0  0  0  1  0  0  0  1  0 ...  0   -4.0       1 ...
144  0  1  0  0  0  0  0  0  0  1  0  0  0  0  1  1 ...  0   -4.0       1 ...
145  0  1  0  0  0  0  0  0  0  0  0  0  0  0  1  0 ...  1   -4.0       1 ...
148  0  1  0  0  0  0  0  0  0  0  0  0  0  1  0  0 ...  0   -4.0       1 ...
149  1  0  0  0  1  0  0  0  0  0  1  0  0  0  0  0 ...  0   -4.0       1 ...
157  1  0  0  0  0  0  0  1  0  1  0  0  0  0  0  0 ...  0   -4.0       1 ...
161  0  0  0  0  0  0  1  0  1  0  0  0  0  1  0  1 ...  1   -4.0       1 ...
150  0  1  0  0  0  0  0  0  0  1  0  1  0  0  0  0 ...  0   -2.0       1 ...
151  1  1  0  0  0  0  0  0  0  0  0  0  0  1  0  0 ...  0   -2.0       1 ...
152  1  0  0  0  0  0  0  0  0  0  0  0  0  1  0  0 ...  1   -2.0       1 ...
156  0  0  1  0  0  0  1  0  0  1  0  0  0  0  0  1 ...  1   -2.0       1 ...
153  0  0  0  0  0  0  0  0  1  1  0  0  0  1  0  0 ...  0    0.0       1 ...
160  0  0  0  0  0  0  0  0  0  1  0  0  0  0  0  1 ...  0    0.0       1 ...
162  1  0  0  0  0  0  0  0  0  1  0  0  0  0  1  0 ...  0    0.0       1 ...
['BINARY', 163 rows, 200 samples, 25 variables]